619 599 616 603
539 363 159
44 8
13 18 96 8 57 21
124 27 72 166 153 51 121
1062 1049 977 491 520 620
44 8
2606 831 842
242 293 9 454 314 505 132 5 241
30 31 96
437 674 437 498 411 30 679 472
254 72 27 51 140 166 42
182 160 98 27
98 14 21 59 30 98 96
129 129 142 279 202 264
322 376 43 116 236 277 296 216
187 80 1882 726 688 215
94 830 840 837 789 821 828 1304 796 805
118 197 104 86 138 221 100 274 102 297
401 415 30 391 442
275 202 264 216
297
155 135 147 8 10 14 57 67 279
153 99 166 120 161 192 72
164 1087 376
1953 1954 93 2129 529 516 1093 635 542
133 140
715 311
8 96 10
994 966 451 1005 289 1522
264 142
147 90 131 44 8 50
1026 1053 1034 514
63 461 298 109
458 3 72 182 51 450 63
14 82
63 51 1096 80 2281 118 948 2 68
133 18 30 31 67 68 97
119
119 120 99 133 98 148
99 1689 73 161 151 124 166 153 225
308 384 122 581 341 521
135 2 147 30
117 118 13 124 72 29
102 297 221 313 314 150
430 470
165 328 116 180 264
273
18 70 98 13 118
162 989 990 308 341 1007
391 252 586 715
131 18 90 13 8 44
181 118 117 197 104 86
48 33 1 45 47 15 32 155 147 135
33 32 24 21 47 50
323 117 216 295
135 13 8 2 90 44
73 140
24 82 59 37 36 131 13 124
490 306 493
142 202 90 21 59 129 264
59 131 82 18 2 8 90 57 13 14
210 285 475 21
221
565 511 177 510 200 350 527 526 232 176
298 255 325 349
1049 1041 607 520 753
36 155 147 135 44 243 14 493 37 306
30 31 30 68 117 59 82 36
132 282 556 415 311 431
67 68 98 97 118 70 98
80 51 109 1165 312 63 28
92 594
96
163 55 756 54 756 77 25 94
101
176 526 326 541 178 512 170 12 362 234
308 122 341 224
17 17 17 17 17 17 17
90
176
67 26 81 243 306 493 494
44 57
155 2 18 31 30
282 17 139 156 249 183
46 47 155
210 303 475 285 291 278 387 637
249 196
1035 444 969
270
14 1 36 713 46 722 33 48 32
30 57 124 59 82 96 37 31 67
309 506 511 527 175 232
1486 865 1468 1478 1461
67 97 44 8 96 10 37 57
90 67 97 124 119 2 131 30 82 118
17 96 155
251 56 94 163
1505 155 147 31 77 98 304
685 714 345
