38 10 134 472
31 1122 154 669
327 10 406 46
356 738 38 523
356 356 738 10
50 61 91 456
62 59 4333 560
2373 447 61 857
754 1516 2524 208
197 46 10 406
456 63 243 5029
2443 356 356 552
1134 46 178 183
46 2443 31 10
1420 125 2668 428
392 356 738 127
41 769 1024 384
669 2473 61 1624
62 3228 1585 157
41 150 668 72
1027 38 10 2485
92 267 4 1948
1548 2300 129 748
647 1585 428 34
381 78 2709 1233
874 388 218 10
16 10 929 46
554 974 255 4419
4467 4402 191 656
356 738 10 126
2523 10 2595 874
821 4611 2847 427
269 708 31 5034
10 823 46 10
356 1916 246 51
738 113 719 449
31 38 3997 113
38 10 2531 783
178 955 456 15
356 738 62 3414
168 41 61 11080
1033 1034 388 566
3225 269 2778 31
10 222 78 1277
243 348 2998 3280
1409 31 114 150
1452 1327 31 3779
1283 15 65 8
23 78 1154 38
160 392 669 62
31 2745 2715 4019
123 10 368 46
5713 111 129 1098
871 509 267 4148
46 392 10 1033
41 61 2547 10
2582 11086 13172 22
10 2339 78 2837
72 372 72 10
11144 2559 570 22
111 191 1080 10
407 267 456 5123
1452 272 46 10
406 62 11326 188
1585 9928 127 321
31 10 938 16
1916 113 2123 1074
31 2373 456 4315
222 23 127 38
20 243 13868 20
106 783 2568 502
3237 31 719 150
2763 116 3140 162
1034 22 41 1594
46 4078 10 2099
1585 1040 3812 8
129 12596 989 10
657 323 10 1235
6354 322 31 6476
46 2561 2123 116
1173 46 10 406
116 111 46 10
406 719 150 668
406 31 111 46
384 1326 41 10
3530 31 121 2293
10 406 31 267
1642 78 43 1585
46 8288 22 5545
1489 20 61 1489
31 3398 43 10
1916 3272 12623 31
669 62 22 783
1128 4041 31 246
4677 5212 59 31
246 841 10 1551
12 31 10 799
305 121 947 31
47 1585 2454 64
1527 8 52 91
31 267 78 3317
4069 38 10 7647
348 2784 31 188
408 46 178 5793
10 4795 46 3580
962 43 121 1503
73 6209 267 2657
403 31 10244 31
2872 72 61 821
570 356 738 3951
2568 15 61 1034
4896 41 34 3218
4381 46 4656 31
396 3487 38 22
5304 20 38 52
1977 46 10 5714
285 1024 384 492
5986 356 751 10
554 234 243 955
419 46 10 800
4288 31 14563 31
8 1865 384 31
22 2612 5 4052
150 10 926 10
46 5826 78 1825
10 2560 22 113
31 1548 43 702
188 125 218 267
46 1515 31 915
10 3612 1353 4
46 10 2677 3272
46 178 680 31
14315 150 663 10
1024 702 3435 38
22 10 926 3948
31 11444 10 9994
22 23 10 406
31 1585 3529 72
2159 384 319 12665
59 4397 272 3111
10 419 46 10
719 150 668 2807
31 3310 748 8
2540 31 1585 2616
392 31 14 78
22 13 3746 20
46 10 8539 46
46 10 2425 456
8 2574 356 1577
246 1594 10 2547
150 218 10 3741
783 2607 59 12051
8 1865 125 211
322 8 748 43
55 186 213 3139
46 3648 31 10
218 3 41 305
446 267 278 772
3371 14 33 1037
446 267 317 22
10 406 190 493
111 2501 31 10
738 150 10 3162
456 1501 111 46
78 38 786 440
406 267 41 10
10 4266 46 224
10 405 3251 38
411 783 2568 38
22 10 406 62
10 406 456 532
3141 456 15 8
10 584 46 8278
43 1452 267 456
2063 2714 1232 11440
150 361 123 560
384 61 4168 8
3007 92 1904 1024
10360 518 10 368
2478 356 320 38
10 3586 921 22
121 352 31 7311
31 10 134 4006
356 2602 127 10
244 2846 55 22
2373 127 821 244
1838 31 3585 43
4714 46 723 1727
14 456 15 5493
305 10 3247 46
4504 208 191 1098
384 8 3138 384
31 1154 10 365
256 38 61 3287
1838 31 783 2568
72 46 5302 31
532 191 178 5793
823 41 951 153
593 6410 150 218
669 1024 384 58
570 38 2350 966
323 10 2468 46
3567 61 10851 31
504 14 5232 10
12184 31 13983 650
2568 3729 5330 46
356 411 446 267
799 46 10 2907
22 267 92 59
31 267 2563 10
356 738 38 172
125 23 492 1098
150 1037 121 3530
10 110 113 4
4151 1166 1649 1017
951 23 267 2657
104 2653 2644 686
2422 34 191 2920
8328 155 22 113
3302 51 43 61
59 1027 52 444
4838 668 8 3600
267 456 1548 111
6314 188 10 4062
1034 31 3451 51
10 179 46 374
10 2820 31 1194
2644 46 10 1069
3766 46 121 1173
2313 51 43 748
61 1082 2641 10
62 5576 125 473
783 2612 5 61
209 31 55 7761
10 408 46 1090
23 78 1154 38
33 392 456 15
783 3017 4527 3030
356 411 446 14
41 1585 2294 507
61 2761 656 668
6956 2582 507 374
8543 3410 581 204
16 11206 6407 38
456 281 43 5865
1352 64 22 41
23 41 1002 16
10 2099 46 8164
10 6534 2793 267
397 456 1449 748
1739 4366 64 46
738 72 55 748
46 392 2479 267
10 4230 46 6731
215 4716 13685 591
10 890 1828 10
406 1070 150 554
703 31 10 352
10 406 5823 669
4851 31 8 15
1098 10 5475 186
31 1585 3382 4
3111 607 456 59
31 3111 607 456
1707 31 328 10
374 1548 111 46
10 1143 46 663
6490 1548 323 10
356 3588 122 10507
7695 2733 3318 3209
14 8 1166 669
427 3949 31 456
9913 3237 31 719
440 319 3620 669
2774 323 10 1134
31 4398 211 2107
7300 3224 31 2589
2123 8 663 1113
783 10185 46 7691
256 272 22 10
121 2546 403 31
14 78 10 9160
356 5069 669 114
374 31 1272 31
31 8 10 1134
10 179 46 9175
108 15 1446 38
10 392 46 1037
267 22 78 1649
129 10 5617 46
328 279 10 4390
22 38 10 757
267 3406 10 4860
8 3838 52 1360
38 10 1189 46
10 2518 46 10
160 11217 31 78
150 668 388 786
356 1 179 46
8 384 1024 702
55 703 43 786
1619 3 46 13967
3926 38 10 82
738 3520 719 150
356 1229 41 61
2512 38 10 2531
388 6655 10 2099
8 218 222 22
800 5279 3251 31
356 545 114 113
33 72 50 22
6872 31 1825 111
4274 150 19 31
10972 6358 1678 1062
473 8 10 403
188 10 2810 8
410 2677 155 8
9811 3201 38 121
41 46 10 406
446 267 1420 384
188 384 13 14
315 118 257 995
958 46 10 205
719 2614 46 10
504 46 8253 365
186 41 10 1610
356 738 257 384
8282 31 719 1326
356 738 10 4322
10 1735 46 10
1643 10 3415 38
738 10 2854 719
4495 46 10 5469
179 1186 322 323
46 7965 31 9074
554 3127 150 748
1199 113 456 59
31 1648 1534 31
805 10 4860 46
3600 43 178 6450
188 10 799 3331
738 783 2568 872
267 719 351 10
63 369 46 10
63 384 1585 2907
46 398 10 365
61 2514 3250 116
2373 456 4 6155
129 392 22 267
22 771 953 456
15 38 10 2531
5446 218 10 661
10 1134 46 3659
12593 46 998 78
38 10 408 46
46 1090 129 10
38 10 687 46
191 22 72 267
168 1070 22 61
738 10 222 46
3346 46 10 126
22 4 565 12
428 31 121 222
10 7087 758 1409
323 5151 8 1151
125 23 246 59
13814 2373 64 1218
384 328 31 1825
15 46 10 2494
23 505 4174 46
278 234 51 305
46 457 13437 43
10 5088 880 188
356 1916 2123 328
168 73 34 78
41 8436 31 6370
234 748 225 2590
1186 732 8 6579
46 13906 33 10
62 4 3279 188
10 3173 131 46
218 10 11473 58
8 1714 188 427
3007 1698 668 3032
178 1213 31 1024
150 10 4322 46
72 783 3569 668
560 1173 31 2373
10 661 46 2443
1296 150 668 38
10 10525 31 46
125 3174 2373 2055
12727 356 738 1420
267 1186 111 8
31 38 10 12667
10185 46 7691 114
243 3415 46 10
456 2430 188 22
456 6146 786 440
356 738 267 328
1595 1291 22 10
10 9128 823 46
10 7752 31 8780
2549 1649 10 1069
10 1327 46 10
14 31 2047 31
2623 2568 441 3203
192 31 3268 2647
356 738 113 456
5735 783 2568 717
1595 317 22 10
1409 46 1585 1740
113 1354 1030 1122
115 116 121 2122
1548 323 121 1134
2709 3354 3749 31
22 41 1230 427
267 2679 2675 2711
10 2437 46 12739
62 4594 46 10
111 1945 789 1946
1452 3204 267 3200
10 1118 46 10
116 129 4054 10
2646 4681 52 444
78 61 269 91
356 2523 41 14
2478 356 900 10
1134 31 121 10621
267 2774 323 10
241 473 8 10
4290 5688 8 9397
3949 388 10 1033
22 783 6160 1773
16 10 1210 55
13804 1739 10 85
78 1663 1233 244
1698 59 7197 74
10 2099 46 3659
14 2123 8 1166
91 190 493 78
2123 150 384 12736
356 738 8228 719
783 2612 328 404
218 22 669 2989
267 456 872 10
427 428 1027 31
31 10 318 1739
61 821 269 2755
1264 31 38 1076
22 113 4 2414
23 127 46 10
384 129 6872 8
150 121 4749 3088
3985 10 5380 328
456 4809 4672 31
10 1165 78 46
59 121 122 33
257 323 10 1173
59 2599 129 1585
111 123 748 43
218 10 1069 46
38 31 628 656
31 218 22 246
33 61 5090 31
31 1796 55 125
9476 43 178 1503
62 2427 10 403
738 669 2746 31
966 560 2850 129
1069 22 78 38
209 33 288 72
234 10 1595 1068
719 356 1013 58
31 121 3529 31
55 10 7089 31
4078 69 661 102
1577 154 570 111
243 3429 46 846
554 31 4415 31
31 1746 2524 113
356 738 427 318
1166 38 10 1409
3414 150 570 800
10 788 31 407
22 23 549 46
46 10 5060 46
3460 841 3488 31
8772 46 10 4239
356 738 669 1846
702 106 408 388
129 1098 10 2398
10 1034 22 78
406 456 63 748
2166 78 1096 38
62 532 384 105
4115 46 3111 787
10 4555 1213 994
596 24 3951 52
15 1649 1585 1069
1472 15 2373 821
669 62 114 8
5649 46 204 319
3315 669 1056 748
31 1056 589 22
116 1148 403 55
46 10 6359 127
5004 8 15 154
356 738 4379 4707
1585 799 1173 31
46 1452 5277 15
55 669 2473 59
46 427 3580 46
2854 1037 998 669
496 59 61 11767
3740 188 748 31
31 177 384 311
113 127 55 61
5356 31 129 1081
3 8 281 2273
738 50 61 91
78 14 59 38
10 661 46 5740
46 10 9906 16
1663 5184 31 1663
1585 2854 669 4
129 14 794 1253
1807 267 1283 3139
13760 31 4690 46
456 15 46 1517
2454 31 10 878
320 208 2313 1773
356 13814 2373 64
1916 267 1186 322
570 218 2559 2223
31 975 10 4560
3956 8 621 1585
384 2836 10 361
1659 366 31 46
392 38 318 1191
10 1295 43 10
8199 31 218 121
456 281 272 31
218 10 9339 46
719 150 125 1553
10 408 46 2674
9594 9721 9123 31
55 61 1039 46
384 841 449 2063
3359 8 10 11301
4323 31 1024 10
1420 61 269 3170
356 13730 106 22
33 1 91 22
2563 10 369 46
121 1609 31 10
13086 783 2603 2323
2992 129 10 2547
4 565 150 384
77 61 3318 1233
31 4859 31 3989
356 392 2123 129
10 406 392 46
2668 1076 41 1074
278 285 15 43
10 4568 31 43
43 920 846 10
738 12627 51 1172
356 2785 204 23
23 783 2612 59
1046 122 31 208
783 2568 1108 38
23 3290 59 392
129 732 267 2789
2539 255 504 46
31 398 31 113
392 46 1037 502
719 12767 669 58
880 61 1012 5021
473 8 10 230
3859 10 1421 43
406 2123 191 150
178 2122 178 1828
3943 4122 31 4123
218 22 1186 38
10 3083 31 150
449 64 22 14270
61 3808 4552 3434
3181 686 113 246
10 649 440 8
188 10 2784 46
2623 2612 61 12614
10 10573 678 4059
2612 234 46 61
456 59 281 1074
738 14 2123 8
179 46 374 2763
116 123 52 91
46 3155 10 3154
607 15 543 427
356 2017 449 91
43 427 881 55
2741 218 649 31
23 246 54 46
22 305 388 10
1185 504 16 106
1649 10 179 46
1900 23 2123 8
841 348 127 1506
14 3536 10 1838
6849 356 738 6850
33 1230 113 127
46 172 22 127
61 2854 46 10
315 111 46 10
46 392 129 6547
8 669 62 1994
1134 1649 123 10
5766 1147 23 41
31 669 4131 31
4695 123 10 2422
121 428 2725 38
11414 31 10 6436
446 2373 5357 10
3592 150 1838 123
738 12755 76 31
278 328 279 61
661 2373 456 59
10 2912 10 2996
356 738 121 3204
1994 2175 14 78
12593 31 278 279
2412 31 1186 323
668 211 3087 129
64 129 121 4400
246 2766 3090 129
2481 246 61 1551
7121 418 1647 4543
267 78 38 121
356 738 7007 10
22 113 583 1548
428 10758 121 179
507 8 15 33
58 473 8 786
5824 6241 10 3262
118 1295 31 10
211 10 2579 371
38 10 2677 31
121 877 456 15
10 4521 493 41
446 267 278 719
43 384 150 10
2274 123 10 2099
22 274 388 150
59 356 2387 14
12050 748 783 2607
951 188 10 1595
1040 31 267 456
1916 2123 10 197
72 2582 1070 8
719 150 1452 428
384 669 2606 10
23 113 532 150
3175 10 406 392
46 7177 190 493
4398 16 10 402
208 719 267 2419
267 671 668 504
31 10 2753 46
23 10 365 46
31 7549 10 4239
5388 46 10 5060
532 106 2398 323
2372 570 2374 3046
328 54 570 38
926 628 116 31
8 218 10 2494
43 61 3362 111
267 3594 125 267
3939 3659 111 46
31 872 14 323
392 55 79 31
31 504 267 387
2999 8 3789 31
992 31 7380 104
234 7545 33 22
178 2468 188 10
59 6455 10 256
150 554 55 4095
10 1069 127 1842
1010 5332 10 39
125 323 10 1173
62 15 3278 129
78 4756 31 10
59 34 2609 46
1936 43 668 581
157 356 900 218
31 178 4941 46
356 738 113 3446
113 456 15 55
41 13999 16 702
406 34 6420 150
374 127 188 748
5 29 13346 12623
4130 15 4243 150
13239 31 13200 46
4096 160 392 55
31 2721 5184 243
456 1161 384 31
3198 305 663 3204
356 564 41 10
59 5341 121 787
10 1360 38 520
2648 43 786 5005
10331 23 669 234
3 246 2527 2004
2326 2373 4 1123
1320 1211 127 31
4868 31 7176 31
669 62 1056 43
738 446 113 278
8036 46 10 3079
2155 121 799 1173
473 8 10 2107
10 2398 46 374
113 2589 178 1040
129 10 406 160
13815 14293 31 1171
150 748 783 6161
427 2494 805 748
356 5751 998 328
77 267 1425 2623
10 662 456 4053
1173 46 172 22
1189 880 33 669
669 872 1585 1475
328 41 1657 129
7889 31 218 10
22 5575 323 10
105 162 1544 2811
183 2603 59 783
406 15 3275 150
4341 11825 406 12539
8665 150 10 365
2123 323 121 440
113 456 63 10
31 703 41 38
10 365 3168 783
64 3361 46 10
78 61 3428 91
738 2582 719 150
841 22 2063 178
1128 121 157 8
31 2780 10 3741
841 10 143 661
2603 328 1430 1987
43 61 4290 1173
91 46 392 8
72 172 22 1548
31 225 896 61
116 31 24 2297
46 1534 31 10
2523 267 5286 121
24 5028 55 702
1283 38 786 1173
1211 41 59 211
150 91 267 719
1166 446 783 2603
55 2047 46 10
318 213 15 383
15 267 22 1678
2563 243 5175 880
502 7512 456 281
3018 669 62 2570
85 1034 1807 267
456 1449 10 3141
12957 668 41 305
1609 46 374 31
2622 150 3400 31
10 3083 8 2741
1186 31 890 222
2063 8062 246 2559
456 59 15 671
356 738 328 2273
10 1033 46 10
10 4871 46 10
10 3626 46 890
150 4415 69 41
356 738 8459 3237
9693 267 2997 150
661 15 2443 1024
62 267 6156 121
356 356 738 14
1200 12894 31 267
317 38 427 408
150 668 319 356
921 55 178 4688
31 10 878 880
356 688 3237 31
10 4239 72 10
419 46 8686 46
61 91 8 447
2758 162 10 1551
3186 31 4233 116
3837 23 41 16
10 2485 78 281
41 38 1010 663
16 10 5182 31
55 22 23 41
8012 31 218 22
356 411 267 22
1283 31 783 2568
204 1327 22 669
5790 150 748 1987
22 41 2100 8
22 113 989 10
356 738 10 419
82 46 10 3612
234 10 406 392
10 3079 61 6504
121 2735 402 111
8 10 1762 102
15 305 10 1595
4751 46 73 2481
10 179 46 374
356 738 381 4559
1069 63 756 22
72 10 406 24
10 3154 3468 3153
356 5790 41 668
15 783 4290 31
4 59 317 118
456 3029 702 129
1186 111 1838 129
6590 1098 570 33
1166 38 10 152
243 3729 55 79
10 197 43 2496
995 129 1741 10
121 878 129 1191
31 387 59 2822
669 62 59 2047
880 685 10 10810
23 108 9093 384
1180 1662 3 647
204 127 10 1327
10 799 1173 20
91 456 59 716
392 46 178 183
446 10 2296 1911
125 33 113 4
10 4860 38 10
532 668 38 656
1151 46 160 2468
356 320 502 10
150 702 186 761
12 31 1585 2620
748 31 786 1134
3717 46 427 1503
46 125 41 4798
10 7191 2364 31
38 10 3079 46
46 10 406 669
427 4248 31 234
222 46 374 1186
2047 10 406 31
267 15 59 1442
15 73 1327 38
371 1024 51 15
178 3022 113 54
10 493 46 10
1199 113 4 636
31 10 2485 23
570 38 218 3
505 3356 524 31
206 55 848 38
356 1199 218 10
1409 281 327 10
111 841 10 4675
10 926 22 218
2524 10 3162 46
183 1134 23 246
46 374 246 3044
43 10 2397 22
356 1577 2582 1002
7135 38 10 11626
656 50 10 197
3259 1277 10 4871
150 384 2602 662
24 317 22 669
456 7376 10457 384
31 38 178 224
15 3523 55 61
38 10 4871 46
702 31 267 671
4987 22 14 15
22 3461 384 129
2385 46 14 473
1069 31 113 719
3178 3318 1112 1096
5106 125 16 10
4274 31 10 9933
356 1577 4439 10
1817 34 267 2825
951 4237 31 46
46 10 406 55
320 61 220 91
4992 1230 427 5596
267 62 15 2648
105 72 6112 356
2099 46 7748 7749
218 10 3037 31
456 2439 10 2633
3133 46 1196 31
46 10 4294 129
456 532 322 1585
267 234 43 125
5441 1987 406 46
46 10 419 46
456 1501 150 392
61 11587 456 113
62 6146 125 38
10 179 46 61
46 10 406 457
31 121 3530 23
50 102 62 59
5401 15 59 1154
22 113 583 58
150 570 341 61
3580 4035 656 14
267 1186 111 323
661 72 10 365
123 748 1987 8787
719 3241 22 64
108 3046 38 83
116 8 1548 322
82 46 5807 10
384 3352 61 541
4 102 59 4052
77 10 4168 41
64 363 566 318
6108 55 79 371
323 61 11159 31
1360 46 1151 8
504 113 4 8413
188 10 2784 46
365 46 1534 31
669 281 31 13751
13306 102 2123 8
41 10 344 46
356 7556 267 1635
106 2063 31 841
356 320 208 3527
22 23 41 1701
61 4168 8 716
24 154 125 322
129 160 5331 38
103 34 33 106
10 2485 78 581
3 10 662 1740
384 31 121 1151
703 1080 560 2245
31 1264 31 4762
2623 2603 46 11990
2484 153 10 126
10 126 661 46
2373 4059 129 10
783 5727 10 1069
59 1024 52 46
381 319 2523 10
255 72 267 1835
22 1696 805 392
33 1084 1987 406
213 10 2764 58
3706 31 716 10
10 4062 31 8147
356 77 10 256
10 6461 46 10
15 317 123 748
10 2485 246 10
3167 323 10 1828
10 126 472 55
46 748 31 2373
2793 10 821 256
2468 15 4247 31
129 472 8 472
354 3222 38 1233
456 281 150 668
1602 8 877 191
2296 22 1678 384
427 2735 402 31
669 975 6940 31
1232 2733 31 2711
125 2668 1012 4498
150 1452 1698 668
179 46 9465 46
46 12520 10 410
10 2665 46 1585
10 318 274 31
8 10 2990 46
