12683 12687 12691 12695
12759 18547 35177 35185
10865 12299 12343 12355
18675 18691 18727 18831
12739 12743 12755 12759
12487 12683 12703 18831
12895 18787 33449 34885
12763 12767 12771 12775
47953 47965 48655 48663
12807 12823 12879 12883
18675 18679 18683 18743
12879 12883 12887 12891
12487 12571 12703 47695
32217 33429 33449 33469
12339 48651 48663 48667
12323 12327 12331 12335
12843 12863 12867 12891
47953 47957 47961 47969
56097 56373 56377 56607
12571 34905 48675 48707
12399 12403 12407 12411
48639 48647 48679 48703
12621 12663 12667 12703
10299 10307 10311 10315
10315 12431 12621 18863
12807 32205 33449 33469
12395 12399 12403 12407
10291 10327 12571 12679
12891 12895 12899 12907
34905 34909 34913 34917
12815 12843 12879 12903
12475 12479 12483 12487
47285 47289 56607 56615
18619 18627 18631 18635
10853 10857 10861 10865
12355 12663 12751 18863
12487 12695 12831 32205
12855 12859 12863 12867
10291 10299 10303 10307
12483 12621 32205 32213
12703 12879 33449 34885
12487 12695 12703 12875
12883 12895 12907 18871
12687 12763 12807 12819
12855 33425 33429 33449
12435 12443 12447 12451
12463 12475 12479 12483
34901 34905 46285 46289
12491 12495 12621 12679
33429 33449 33469 34889
18487 18523 18587 18599
18471 18475 18479 18483
18499 47949 47953 47961
35157 35161 35165 35169
18787 18831 18863 18871
10295 10299 10307 10311
12487 12683 12815 12827
12691 12695 33429 34905
12411 12559 12663 48663
12743 12755 12759 12763
18683 18735 18755 18787
12871 12895 18527 18595
12611 12751 12755 12763
32209 32213 46281 48707
12903 32205 32213 33425
10295 10315 12491 12495
33429 33433 33445 33453
10841 10877 10881 12547
33441 33453 33461 46281
12399 12403 12407 12411
10307 10311 12487 12571
18499 18507 18523 18551
33433 33449 33461 48707
12663 12679 12691 12759
12407 12411 12447 12503
12487 12571 12815 12827
48707 52961 54657 54665
12683 12687 12691 12695
12621 12795 12819 12831
10307 10829 12463 34889
12763 12779 12823 12843
10315 10331 10335 10339
12559 12875 48659 48711
10299 10307 12463 12479
10299 10307 10311 10315
12567 18423 18787 33449
12355 12783 12895 18863
47949 47953 47957 47961
12815 12827 12831 12875
12723 12819 12827 12907
33465 33469 34889 46285
12359 12603 12715 12723
32209 33437 33441 33449
12695 12703 12795 12799
12571 12703 32205 32213
12675 12679 12687 12715
33425 33449 34885 34897
12571 12703 12875 32213
12463 12819 12875 18787
12771 12779 12795 12803
18691 18755 18855 20807
18611 18707 18723 18855
12395 12403 12443 35189
12843 12855 12871 12875
34909 47289 47953 47957
18447 18523 18603 33429
10335 10339 10861 10865
12735 12799 12815 12823
10295 12483 12647 12655
48647 48679 48683 48687
47293 48635 48639 48647
48671 48675 48683 48695
12523 12531 12679 12839
18627 18631 18635 18639
33437 33441 33449 33469
10303 10339 12611 12627
12779 12875 30319 32197
10295 10307 12759 12895
12467 12483 12679 12895
12807 12815 12827 12831
12459 12467 12839 12851
12827 12895 32205 32213
10339 12483 12895 32205
18663 33445 33469 46281
12703 12715 12815 12819
10315 12603 12611 12621
12483 12627 12691 12703
12621 12691 12703 12819
10339 12483 12621 12771
18431 18535 18539 18543
12411 12427 47687 48575
32213 33429 34885 34893
12475 12479 12483 12487
12299 12343 12355 12367
33441 33445 33449 33453
12559 34921 34925 47253
12871 12895 33449 33469
18707 18731 18863 18871
12603 12607 12751 12783
12667 33429 33433 33449
12459 12463 12467 12471
47945 47949 47953 47973
33449 33453 33457 33465
12431 12679 12751 18863
12795 12815 12831 12895
12479 12487 12655 12827
10311 10315 12571 32205
12715 12739 12759 12763
10295 10315 12679 12683
12867 18691 33469 34905
10307 10311 10315 10861
10299 10311 10315 12531
48663 48667 48675 48695
10291 10295 10303 10307
12483 12491 34885 34897
10865 12735 12763 12891
10307 12627 12679 12695
12819 12831 18423 18431
12479 12483 12487 12679
33433 33437 33441 33449
12703 12827 12875 12895
12799 33449 33461 52973
12531 12647 12655 12667
33457 33461 33465 34901
10877 12339 35185 47949
12527 12531 12663 12679
10893 12343 12347 12355
12863 12871 12891 12895
10829 12495 12621 12723
10303 10307 10315 10339
12875 12895 18511 18695
12691 12695 12703 12819
12547 12571 12575 12591
12819 12823 12827 12831
10845 10881 12351 12355
33453 33457 33465 33469
12783 12787 34885 34905
10315 12683 12687 12691
30283 30311 30335 33433
12831 33425 33429 34889
12447 12451 12459 12463
12875 12895 12907 33433
18767 18799 18855 34885
12679 12831 12895 18459
10291 12467 12523 12663
12343 12371 12399 12403
12691 12695 32205 33433
12859 12867 12899 18631
12483 12607 12621 12663
12867 12871 12875 12879
12683 12755 12827 12895
33437 33453 33465 33469
12703 32213 34885 34893
12899 12903 33425 33429
12483 12531 12627 12643
18475 18479 18499 18671
12747 12751 12759 12767
12663 18675 18779 20807
18755 18759 18763 18767
10291 12367 12467 12687
34897 34901 34905 46281
12795 12803 12823 12831
32205 33449 33469 34885
10307 10315 12463 12479
10861 12743 34889 46281
34889 34893 34897 34901
34889 34893 34901 34905
18659 18663 18671 18675
12607 12751 12775 12819
12831 12899 32205 32221
10877 12411 47953 47957
12663 12679 12683 12695
12671 12831 12835 12839
33453 33457 33469 35157
12819 12823 32197 32201
10829 10833 10841 10849
47695 47699 48575 48639
12723 12727 12731 12831
12447 12451 12459 12463
10315 10331 10335 12463
12407 12411 12419 12431
12719 12807 12823 12831
10339 10343 12655 12679
10315 12679 12683 12695
12835 12839 12843 12851
12827 12875 12895 12899
12907 18595 32209 33469
12655 12703 33449 34893
12463 12483 12643 12647
32209 32213 33425 33429
35185 35213 47945 47949
12879 12903 32197 32205
12807 12883 34913 47949
12795 12799 12803 12807
12739 12747 12759 12771
34913 34917 34921 34925
12815 12831 12887 12895
12575 12647 12655 12659
12903 18419 18423 18427
12487 12679 12827 12895
10299 10307 10311 10315
12415 12427 12479 12843
12371 12375 12395 12399
35193 35197 35201 35205
12691 12695 12743 12763
12883 12887 12891 12895
12359 12535 12539 47945
12739 12743 12763 12779
12691 12843 18547 32213
10861 10865 12483 12503
10307 10311 12695 12703
12875 35185 35213 48655
12795 12815 12819 12827
32197 32201 32205 32209
10857 10861 10865 12299
12495 12523 12651 12667
30315 33449 34889 51937
12621 12663 12667 12703
12355 12621 12747 30327
10841 12483 12679 34929
12559 12621 12663 12675
12483 12487 12571 12703
54657 54665 54669 54673
12891 34885 34889 34893
46281 46285 46289 46293
32197 32209 33449 33469
12523 12843 33433 33453
32213 33433 33449 33469
18683 18787 18811 18879
12547 12555 12559 12563
35193 35197 35205 35209
12431 12751 18619 18707
10311 12411 12487 12571
12531 12551 12555 12567
10335 10857 12759 48707
18779 20803 20807 34889
10295 10311 12575 12647
12895 33433 33449 33469
12459 12467 12479 12483
10331 10335 12463 12491
12571 12611 12703 12771
10303 12691 32205 33433
18615 18799 18855 20807
12435 12443 12447 12451
33433 33449 33453 33469
12703 12843 12855 12871
10861 10865 12683 12695
12715 12755 12771 12775
10877 12331 12475 12659
12795 12819 12871 12875
18447 18451 18459 18467
10315 33429 34885 34893
33441 33449 33453 34885
12875 32197 32205 32209
12479 12483 12487 12571
12835 12839 12847 12851
12679 12755 12767 12771
18543 18579 18611 18619
12611 12615 12715 12723
12375 12395 12399 12403
18871 18883 33433 33441
12555 12659 34913 47273
12875 12895 12907 32197
12783 18511 18527 18691
10315 12663 12779 12895
12715 12747 12759 12775
12695 12831 12895 33425
12627 12655 12695 12807
12443 12447 12451 12459
12395 12399 12419 12447
12339 12467 12655 12799
12687 12715 12807 12891
12331 12335 12343 12359
10339 12483 12575 12603
18451 18459 18539 18543
10311 10315 10335 12759
35197 35201 35205 35209
12435 12439 12607 34929
18871 33429 33433 33437
32201 32205 33429 33449
12899 12903 18419 18423
10857 12615 12621 12739
12755 12763 12831 33449
12323 12547 12555 12567
12483 12487 12575 12703
12667 12679 12683 12815
12347 12359 12595 12655
12727 12895 18547 18707
12831 12843 12871 12895
12527 12531 12535 12723
12803 12815 12823 12867
12819 12823 12831 12867
10295 10315 12831 54665
10331 10335 12483 12703
12331 12407 18703 35185
12751 12755 12759 12763
12803 12823 12831 32201
12547 12551 12555 12559
32221 33433 33449 33469
12871 12879 12895 18691
12679 12683 12695 12703
12627 12679 12683 12687
10327 10331 10335 12459
12339 12387 35181 35185
35153 35157 35161 35165
18599 18603 18619 18635
12735 12747 12751 12755
12683 12763 32205 33433
10299 10307 10311 10315
12559 12663 48663 48667
34917 34921 34925 34929
12479 12483 12487 12663
33429 33449 33469 34885
12479 12487 12611 12615
10295 10307 10311 12679
34925 34929 35149 35153
12855 12871 12903 12907
12755 12771 18499 34921
10311 10343 12843 12859
12647 12651 32197 32201
32213 32217 32221 35149
10311 10331 12695 12703
33429 33433 33437 33441
12607 12635 12679 18427
33433 33437 33441 33445
18523 18603 18671 18871
12643 12667 12871 18883
48679 48683 48687 48691
12411 12515 12807 12819
12463 12655 12815 12827
12683 12799 12807 12811
12621 12627 12631 12635
33465 35189 35201 35209
48687 48691 48695 48699
18631 18655 18659 18663
12483 12531 12535 12627
10849 10853 10857 10861
12611 12703 12731 12755
12735 12743 12763 12779
18675 18679 18683 18743
12807 12847 18475 18487
12723 12827 12895 32201
35153 35157 35161 35165
12631 12663 12667 12671
12823 12831 12835 12847
35213 47253 47261 47273
48667 48675 48687 48695
10343 12403 12571 12575
10335 12795 12827 12831
33445 33449 33453 33457
12367 12395 12399 12419
18587 18595 18599 18603
12695 12803 12831 12895
10295 10307 12775 33453
10299 12491 12527 12531
33437 33465 34885 34889
10295 10311 12527 12695
10877 12327 12339 12591
12491 12495 12523 12527
12531 12675 47957 47961
12463 12479 12483 12487
18423 18427 18431 18439
12479 12483 12487 12687
12751 12755 12767 33453
12483 12659 48655 48659
18539 18543 18567 18635
18639 18643 18663 18707
12703 32213 34893 54673
35153 35157 35161 35165
34901 34905 34909 34913
12339 18815 47957 48675
12483 12487 12591 33425
12487 12571 12575 12703
10307 12815 12827 12895
18423 18427 18431 18439
33441 33445 33449 33453
12607 12611 12615 12621
10877 47949 47953 47957
10841 10845 10849 10853
12659 12887 18479 32217
10841 10845 34905 35177
12687 12695 18419 33449
12735 12763 12775 48707
12759 12763 12767 12771
10307 10311 12527 12567
10307 10311 10315 12463
56073 56081 56423 56427
10877 12351 12355 12663
12655 12691 12795 12799
12759 12763 12767 12771
35169 47945 47949 47973
12655 12663 12679 12807
12423 18487 35193 47687
18427 18459 18615 18767
12483 12487 12875 34893
10295 10307 10311 12795
12351 12355 12359 12551
12487 12695 12703 32213
12695 12703 12875 12895
12799 33449 33461 52973
32205 32213 32221 33449
12843 12879 12883 12899
18611 18615 18619 18627
32205 32209 32213 32217
18439 18583 18595 18727
18691 18707 18743 18787
32217 33425 33429 33449
10861 10865 10869 10877
32213 47249 47253 47257
34885 34889 34893 34897
35177 35181 35185 35189
12621 12627 12631 12695
12695 12699 12703 12739
12407 12411 47687 48575
12487 12567 12621 12787
12875 12895 33429 33449
12459 12487 12763 12779
12879 12895 33425 33429
12407 12411 12447 35185
12621 12687 12743 18603
10877 10881 12355 12551
12683 12687 12691 12695
33433 33441 33445 33453
10311 10315 12479 12483
47953 47957 47961 47965
12831 33425 33429 33433
12387 12583 18479 35185
12523 12539 12647 12655
12323 12327 12331 12339
33433 33437 33441 33445
12799 12803 12807 12847
12571 12687 12691 12703
12671 12695 12827 12895
10315 10331 12463 12479
18459 18619 18863 35169
12759 12831 12875 33425
12807 12867 12875 12891
12835 18471 18475 18755
12815 12827 12855 12871
12621 12635 12723 12727
10295 10315 12827 12895
10307 10861 12611 12691
12487 12571 32213 47289
12487 12603 12611 12615
12411 47687 47945 47973
35185 47293 47957 48659
10331 12687 12695 12703
12667 12671 12687 12783
12479 12527 12535 12627
12795 12807 12811 12815
18603 18611 18615 18619
12647 12655 12659 12667
12787 32201 32205 32213
12523 12527 12531 12683
12759 12767 12779 12875
12687 12779 12783 12787
12739 12743 12759 12763
10861 12475 12483 12527
12907 18871 32213 33445
12771 12827 12831 51929
32201 32221 33433 33453
10291 12603 12687 12783
12403 12443 12887 34921
10315 10335 32197 32201
18691 18727 18787 18863
10865 12483 34893 34897
12355 34913 34929 35149
10307 10311 10315 12679
10881 12355 12551 12783
32197 32205 32217 32221
12647 12651 12655 12663
12559 12627 12711 12715
10327 10331 12483 32201
12523 12531 12535 12883
12655 12799 12807 12859
33449 33453 33457 33465
33465 33469 34885 34889
12467 12491 12523 12527
12531 12621 12679 12695
10291 10295 10299 10307
12895 32213 33469 34893
35185 47285 47289 47293
12355 12471 12475 12479
12487 12495 12571 12575
12655 12695 12723 33449
10299 10303 10307 10857
18619 18627 18631 18635
34897 34901 34905 34909
12695 12699 12703 18827
32201 32205 32213 32221
10315 12459 12491 12527
12903 33425 33429 33437
12579 12583 12587 12591
10311 12447 12483 12487
12347 12355 12371 12395
10295 10311 10315 12463
35165 35169 35181 35185
10307 12621 18863 47957
18643 18647 18651 18655
10315 12687 12691 12695
12827 12895 33441 33469
47281 47285 47953 47957
18703 47945 47953 47957
12419 12447 47687 47695
12663 12667 12671 12847
12683 12703 12827 12895
33433 33449 33469 34893
12351 12355 12359 12363
18799 32205 34909 34925
34917 34921 34925 34929
12715 12771 12895 18695
10307 10315 12827 12875
12531 12695 12703 12895
18555 18559 18563 18567
12451 18587 18871 18875
12807 12867 12875 12891
12715 12719 12747 18571
12759 12771 12815 12827
47257 48651 48655 48663
10865 12631 12691 12743
10291 10295 10315 12487
34885 34889 34897 34901
12479 12483 12487 12607
12575 12703 12779 34893
18547 18551 18555 18559
35201 35205 35209 46281
10295 10299 10307 10311
10295 10315 12463 12483
12691 12695 12703 12819
12431 12435 12443 12447
12483 12487 12819 18615
12621 18831 32205 33449
34897 34901 34905 34909
12611 12615 12621 12627
12647 12651 12655 12695
33429 33449 34885 46293
12527 12531 12547 12551
12479 12483 12695 12703
12735 12739 12755 12759
10311 10315 10335 12795
35193 35201 35213 47695
12679 12715 12723 12747
12411 12595 18631 18635
12859 12863 12867 12871
12603 12611 12621 18459
56093 56097 56423 56427
33449 52973 54669 54673
10311 12487 33425 33449
10307 12663 33425 33449
47953 47961 47965 47969
12627 12631 12831 12899
12483 12571 12655 18787
12679 12703 12827 12895
34913 34917 34921 34925
10295 10303 10315 10335
12399 12403 12407 12411
12439 12443 12447 12451
10311 12643 12663 12667
12463 12487 12527 12655
32197 32201 32205 32209
18563 18659 32213 33469
10311 12479 12483 12487
12827 12895 32201 32205
12651 12655 12691 12795
12815 12819 12903 35185
12727 12731 12735 12739
12487 12663 12679 12683
12767 12771 12779 12783
18423 18427 18551 18611
12827 12831 12839 12851
12355 12367 12371 12375
10861 10865 10869 10877
32197 32209 33433 33449
12459 12467 12487 12523
12399 12403 12407 12411
12331 12459 12467 12491
12415 12419 12567 12679
12823 12827 12831 12835
10311 10315 12483 18603
12587 35157 35169 47277
32205 32213 34885 34893
12795 12807 12819 12831
12631 12747 12759 18811
12643 12647 12651 12663
12299 12355 12395 12575
12907 32197 32209 32221
12395 12399 12403 12407
47953 47957 47961 47965
12491 12627 12647 12691
10307 10311 12695 32205
10295 10307 12687 33449
10295 10307 10315 12463
12795 12819 12831 18863
12467 12523 12667 12671
12611 12731 18707 18879
12299 12403 12419 12427
10315 12431 12621 18863
12591 12595 12715 12719
12487 12571 12703 12759
10853 10869 10877 10881
12531 12679 12831 12835
12523 12735 12759 12763
12395 12399 12403 12407
12519 32205 32221 35153
10869 10877 12487 12571
12463 12467 12643 12647
10339 10829 10857 10861
12487 12571 12575 18795
12751 12775 12787 12843
34885 34893 34897 34909
18755 18759 18763 18767
18587 35185 35213 47957
12831 34889 34901 34905
12487 12703 18563 18659
12795 12819 12831 12895
33461 33465 34901 52941
32197 32201 32205 32209
10295 12687 12695 12703
12451 12621 12783 18707
12567 12583 12659 34885
18603 18671 18675 18787
10877 12567 47945 48655
47277 47281 47687 47703
18647 18651 18655 18659
10311 10315 12479 12483
12759 12855 32205 32213
12667 12671 12687 32201
33429 33449 34885 34897
33429 33433 33437 33445
12611 34893 34897 48707
12715 12719 12723 12727
18871 18875 18879 18883
12527 12531 12539 12655
12763 12775 12827 12875
12739 12759 12795 12831
32209 32221 33449 33469
18511 18707 33429 33449
35165 35169 35177 35181
12523 12527 12531 12807
12695 12703 12795 12895
12355 12663 12751 18863
12795 12819 12827 12831
12683 12691 12695 12703
33457 33465 34885 34889
12667 12671 12679 12695
12755 12759 12763 12767
12355 12783 12895 18863
12479 12483 12487 12621
10315 12795 12819 12907
12395 12403 12411 12423
12483 12487 12855 33449
18707 18863 32205 32213
10857 12559 12563 12715
33433 33449 34901 46281
12695 12703 12827 12895
12479 12491 12495 12803
12431 12579 47949 47961
18699 18703 18795 18799
12715 12747 12759 12775
10307 12459 12479 12523
12743 12747 12751 12759
18511 18527 18691 18695
10339 10343 12479 12483
48639 48655 48659 48667
12875 12879 12883 12887
12663 12667 12671 12679
18563 18603 18831 33425
18635 30319 30323 51937
12539 12575 12647 12651
18619 18627 18631 18635
18695 18723 18731 18787
12691 12695 12795 12803
12871 32205 33429 33433
12803 12807 12823 12827
12621 12735 12739 12743
12703 12775 12871 12875
33469 34889 34901 46281
12351 12355 12359 12363
12795 18499 34889 34901
10299 10307 10311 12483
32209 32213 32221 34893
12667 12671 12735 12763
18683 18743 18747 18751
12351 12547 12555 12559
12627 12691 33429 33449
10865 12299 12343 12355
12407 34889 48667 48675
12895 34893 34897 54657
12779 12823 12827 12895
18619 18639 18643 18743
33449 33461 34889 34901
12647 12655 12659 12667
12621 12679 12751 34921
18619 18767 18795 18863
12827 12851 12895 32205
10307 10319 10339 12479
35197 35201 35205 35209
10315 10335 12487 12763
12795 12807 12819 12823
12487 12679 12711 12723
12539 12647 12651 12655
10295 10299 10307 12483
10303 10315 12571 12575
12715 12743 12759 12771
47961 47965 47969 47973
10295 10307 12487 12695
12371 12375 12395 12399
12667 12671 32221 34885
10307 12815 12827 12831
12739 12743 12759 12767
12339 12343 12387 35185
12483 12663 12715 12743
12603 12607 12695 12703
18831 18839 18847 18855
12299 12343 12355 12367
10335 12483 12703 51937
18871 32201 34889 34921
12695 12723 33433 33449
30319 32209 32213 33425
48707 48711 52973 52985
12819 12823 12831 12879
12627 12691 12695 12703
12339 12515 12587 12735
12523 12643 12647 12655
18807 18815 18819 48675
12755 12767 12771 18831
18427 18527 18855 18863
12751 12755 12759 12763
12491 12495 12803 12867
12671 12679 12695 12743
12815 12819 12871 12895
12531 12679 12783 12823
10311 12487 32205 32213
12643 12647 12755 12771
12779 12783 12787 18707
10841 10845 10877 10881
12607 12621 12627 12631
12731 12795 12807 12819
33429 33449 33469 34893
18559 18563 18567 18571
12611 12763 32197 48707
12527 12535 12627 12643
18423 18427 18595 18691
12855 12859 12863 12867
12715 12763 12795 12807
10291 12683 12687 12691
12703 12803 12875 12883
12467 12471 12475 12483
12859 12863 12867 12871
10841 10877 10881 12355
12647 12655 12691 12695
12815 12835 12839 12843
10335 18699 18787 47277
10295 10307 10311 10315
12687 12835 12847 12851
18431 18439 18443 18447
10295 10299 10307 10311
12431 12751 12895 18863
12603 12621 12747 12751
12615 12627 12663 12679
12895 33425 33433 34885
33469 34885 34889 34893
12339 12859 18787 34925
34901 34905 47289 48675
10295 10303 10339 12611
12739 12771 12795 12803
12483 12687 12715 12799
10335 12479 12483 12487
12695 12715 12763 12795
18615 18799 18855 20807
12507 12511 12515 12519
10307 10311 12783 12895
12339 12347 12351 12355
12355 12367 12395 12431
10865 12735 12763 12891
47957 48651 48663 48667
12663 12679 12827 12895
30283 30311 30315 54645
32197 32205 32213 33449
12375 12395 12419 12483
18563 18567 18571 18583
12859 12871 12883 12891
12723 12755 12775 33433
12487 12491 12495 12523
10295 10299 10307 10311
12355 12663 12751 18863
33429 33433 33449 33469
12783 20807 33441 33453
10307 10311 12679 12683
12755 12759 12763 12767
18811 35213 47945 47973
10295 12371 12787 33449
18575 18603 18787 46289
12559 12563 12679 12783
10865 12631 12691 12743
34909 34913 34917 34921
12687 12691 12803 30319
18707 32217 32221 34929
10299 12459 12483 12487
12751 12755 12759 12771
12611 12695 12763 12795
12611 12621 12711 12715
12603 12783 18511 18619
12827 12895 33449 33453
10335 12483 12487 12571
12847 12895 18423 18459
10315 10339 12483 12759
12779 12799 12879 12895
10311 10315 10829 12495
18619 18627 18631 18635
12431 12751 12895 18863
12891 12895 32201 32205
12395 12399 12403 12407
10829 10849 10853 10857
10291 10299 12459 12467
10315 12527 12627 12691
10295 10307 12895 33433
12895 12903 33429 33449
12527 12531 12551 12555
35181 35201 35213 47253
12747 12755 12759 12775
33437 33441 33449 33453
12547 12559 12595 35165
12327 12331 12335 12339
12483 12487 12527 12835
12671 12835 12839 12851
12807 12823 12827 12831
10315 12735 12759 12763
10311 10315 12795 12819
12839 12843 12859 12867
12487 12491 12495 12531
10291 12459 12667 12671
12907 33437 33441 34885
12695 12767 12771 12779
12683 12687 12691 12695
10307 12679 12683 12795
18603 18723 18727 18787
12615 12739 12755 12771
47293 51929 51933 51937
18871 18875 18879 18883
12339 18499 18523 18595
10335 12531 12687 12691
12575 12703 34893 47707
12575 12747 12751 12787
12867 12875 12895 12907
12903 12907 32201 32205
12431 12751 12895 18863
12655 12659 12667 18423
12531 12627 12655 12667
18611 18615 18619 18627
10311 12879 12895 32205
18547 18551 18651 18707
10311 12679 12711 12735
12647 33429 33449 33461
12327 12339 12407 12515
12747 12811 12819 12827
12431 47687 47945 47953
12611 12687 12735 12743
10315 12463 12615 12627
12335 12711 12715 12723
18547 18595 18707 18715
33433 33437 33441 33445
35185 47285 47289 47293
12479 12483 12487 12559
12871 12895 12899 12903
12659 12671 12675 12695
12875 32205 32213 33469
12631 12647 12743 12759
12527 12531 12679 12683
12679 12695 12703 12735
12743 12775 12827 12855
10291 10295 10299 10303
10857 10865 10877 12479
12771 12827 12831 12871
12483 12611 32201 32205
18443 18447 18451 18459
18743 18747 18751 18755
33445 33449 33453 33457
12621 12751 12867 54653
12355 12463 12471 12479
10307 10311 10315 10331
10307 12621 18863 47957
12683 12687 12691 12827
10327 12751 30315 33461
12463 12547 12551 12603
10339 12479 12483 12487
12859 12863 12867 12871
12803 12807 12823 12827
12835 12839 12847 12855
10311 10315 10339 12483
12367 12395 12399 12403
12847 12851 12855 12859
10307 12603 12795 12891
18603 18683 18811 18879
33469 34885 34889 34897
18635 18675 18779 48667
12743 12763 12779 33449
12479 12483 12487 12575
12655 12683 12691 12695
33457 33461 33465 33469
12691 12695 12703 12711
10303 10307 10315 10339
12463 12655 12795 33449
12895 33433 33453 33469
10307 12299 12395 12591
10307 12655 12687 12803
10315 12467 12667 12783
12487 12627 12647 12651
12411 12419 12451 12507
12759 12763 12767 12771
34889 34901 52977 54657
12467 12663 12667 35185
52977 52981 52985 54661
12535 12539 12555 12715
12475 12883 12887 12899
12795 12815 12883 32205
12419 12431 12435 12443
12795 12819 12827 12831
12563 12591 35149 35153
12483 12643 12659 12827
12767 12803 12823 12851
12815 12895 34885 34889
47949 47953 47973 48687
10857 12475 12527 12539
12571 12575 12703 32213
12643 12679 12683 12831
10849 10853 12463 12483
12663 12691 12715 12723
12803 33433 33449 34901
10877 12339 18871 18879
10299 10307 10311 10315
10295 10307 12715 12723
12687 12711 12715 12719
12679 12683 12703 12895
12695 12795 12815 12827
12735 12739 12743 12751
33437 33441 33445 52949
12687 12703 12715 12731
12479 12547 12571 12575
12895 33425 33433 33437
10311 10315 12479 12483
10343 12551 12663 12675
12691 12739 12759 12763
10311 10315 12795 12819
12531 12655 12795 34889
12621 12723 12759 12779
20807 32197 32201 32205
12799 12803 12807 12811
48675 48679 48683 48687
33429 33433 33449 34885
10857 12463 12807 12827
12531 12535 12647 12655
12483 12487 12687 12703
12695 12803 12811 12815
10311 10315 12347 12351
10307 12655 12815 12819
18551 18555 18559 18563
12495 12743 12755 12763
12823 12891 33425 33429
12691 12695 12703 12795
