505 150 507 9
969 1015 1029 444
86 274 100 221
36 30 68 216
13 30 90 21
15 17 48 49
33 17 1 47
277 322 292 296
111 136 275 216
204 23 248 178
177 178 7 200
163 623 173 205
131 155 90 2
15 155 32 147
67 68 97 98
59 275 30 70
102 641 249 274
283 18 30 532
1607 2 124 96
98 21 30 82
131 13 324 315
269 144 852 523
50 44 8 96
619 521 599 614
1018 273 1028 1024
350 527 176 145
138 183 139 289
82 59 8 10
17 17 49 1
17 17 17 2
40 94 304 128
1 10 135 59
168 124 99 119
50 13 117 37
80 597 27 99
157 258 1156 98
70 98 181 117
139 278 641 221
32 17 46 48
2 13 131 135
96 31 97 117
314 293 115 507
10 50 57 14
76 799 780 723
374 426 1379 354
527 356 338 526
150 507 505 9
310 311 432 453
1627 1726 1206 1623
67 21 30 122
437 126 210 713
926 950 984 934
989 497 1015 1007
117 181 96 129
47 45 15 32
15 33 47 32
550 287 360 1080
203 205 163 239
70 181 36 226
13 131 50 37
511 350 512 527
142 295 101 275
161 192 254 2503
15 32 18 131
118 96 181 415
118 59 131 13
44 10 252 21
376 391 126 421
95 56 82 59
715 453 391 310
499 584 1113 1117
154 194 224 179
287 939 947 104
147 135 2 131
44 90 96 50
131 48 50 36
1027 989 1013 969
63 51 182 325
24 82 36 37
685 777 832 579
10 21 14 142
13 135 44 202
45 32 33 147
603 742 755 740
50 13 10 18
98 181 118 124
31 155 135 2
30 70 97 98
326 70 98 788
118 21 14 181
317 378 540 215
37 756 94 163
493 512 494 309
314 241 150 507
70 30 98 18
575 450 1337 1339
490 565 81 511
527 7 565 541
17 17 17 17
82 59 37 36
97 181 117 70
2 131 18 135
1351 1351 458 201
70 98 126 252
135 131 2 13
135 131 18 13
131 511 565 30
266 4 362 81
556 431 126 126
404 373 382 351
59 96 104 86
18 155 44 8
37 70 82 21
57 8 21 2
14 46 13 104
67 328 31 68
17 1 45 15
47 17 283 46
33 45 15 8
1267 1501 746 383
18 31 181 117
806 822 228 1021
147 2 135 30
165 136 137 180
432 310 453 391
57 202 173 37
1 46 47 45
96 30 31 18
59 24 14 36
135 147 2 8
98 117 24 131
360 557 534 103
264 376 101 275
173 281 218 77
193 225 161 185
17 1 45 46
104 274 5 98
182 80 944 3
126 245 692 556
208 362 356 145
50 30 59 36
494 306 493 326
30 67 70 18
57 59 30 321
86 221 100 102
90 13 18 10
15 47 33 96
37 142 295 264
24 30 37 97
59 68 37 57
514 103 57 59
33 45 131 147
252 104 442 431
715 411 577 126
183 955 961 131
163 304 407 281
118 183 1179 104
315 324 399 131
202 101 216 164
1287 1835 1112 288
298 461 420 187
1498 1503 1501 85
208 39 214 26
24 59 37 36
676 306 855 494
2 147 18 90
18 46 45 15
67 181 98 45
8 18 50 57
130 1047 204 170
426 284 380 355
1383 1385 1389 122
4 170 176 271
82 59 37 36
820 117 139 345
104 86 282 44
68 36 181 17
96 117 181 97
22 319 618 611
81 243 306 510
131 118 197 104
289 746 1098 72
72 109 182 349
183 139 196 249
63 481 544 80
126 556 692 415
138 86 282 98
48 45 1 15
15 227 48 32
1000 124 1036 168
168 151 37 44
526 145 28 510
59 67 98 36
36 59 117 70
17 17 17 17
1 47 45 32
322 376 218 407
168 153 193 225
98 24 59 36
181 27 73 117
68 99 264 70
32 15 47 2
111 376 34 1006
97 37 181 118
70 181 117 118
1165 298 461 420
204 565 233 232
180 116 236 277
453 252 126 586
47 32 155 135
539 896 866 897
3 28 100 641
36 24 37 68
68 135 50 14
304 128 95 94
171 12 208 175
36 14 24 118
36 117 68 26
50 24 36 181
139 104 183 289
32 155 147 135
161 29 27 253
1119 1124 365 947
28 80 182 156
82 57 36 14
57 59 96 37
33 17 1 202
746 732 126 556
27 99 120 140
183 138 139 196
59 82 129 129
228 494 527 176
17 541 46 512
96 129 142 202
2284 2341 2308 2299
200 266 510 356
216 50 155 57
48 33 46 1
57 96 13 50
31 68 97 181
43 165 180 277
1046 254 193 151
338 527 356 200
637 436 538 533
183 113 1325 1345
17 17 17 17
45 57 10 32
7 248 130 234
103 987 98 162
746 1267 384 103
37 18 30 70
9 242 507 289
13 98 70 14
27 550 29 98
77 239 237 173
2006 2007 2248 2247
33 15 48 57
249 313 184 194
98 117 18 31
17 47 48 216
50 30 31 59
118 31 97 68
68 15 45 46
494 511 350 526
243 81 490 3
131 18 90 96
538 383 384 578
21 24 2 82
32 155 135 147
445 718 515 19
432 376 431 277
72 907 848 902
228 458 63 51
101 323 111 164
36 59 37 350
67 98 10 181
109 356 130 699
254 151 222 68
196 274 641 641
33 147 131 13
942 1428 1436 107
178 204 130 177
1000 1026 1053 1009
139 139 15 33
356 232 145 176
151 29 185 140
47 45 32 15
37 14 82 21
125 3 63 109
196 139 289 641
320 1022 1486 321
81 490 493 243
37 96 155 135
140 424 780 838
21 44 82 36
36 131 50 14
221 98 100 86
67 57 68 118
145 306 63 494
181 129 25 407
32 47 15 33
18 30 155 68
182 109 707 1196
118 11 50 57
471 46 48 22
8 50 37 10
100 102 293 150
51 72 168 99
29 167 119 120
234 271 309 512
674 472 289 577
197 138 104 221
506 512 356 510
527 506 177 541
688 1206 183 156
70 98 181 13
581 588 913 927
541 1047 511 711
155 147 135 13
118 24 70 98
21 37 36 68
17 46 1 48
48 47 45 33
699 701 479 1592
1590 1579 1576 1575
68 279 2 24
208 234 493 271
137 180 277 296
722 746 1133 1124
674 411 498 289
204 512 494 490
70 97 135 30
418 902 907 912
142 328 101 323
8 96 44 147
82 37 68 181
151 193 161 225
67 37 70 98
21 10 44 24
2575 135 147 90
97 1712 26 490
241 9 86 293
326 350 30 490
8 44 10 18
120 99 73 119
287 80 1165 834
72 109 182 267
17 17 17 17
51 3 298 420
121 166 222 168
3 10 63 30
48 32 155 1
873 270 103 308
216 164 2 135
90 13 135 18
295 264 328 137
96 37 21 181
12 234 4 151
328 264 216 323
295 328 202 264
182 80 3 72
264 116 180 328
117 90 8 118
155 147 131 90
2 131 90 13
505 241 132 115
13 948 948 2521
7 266 1021 177
1509 467 1430 226
199 512 232 233
136 111 713 722
180 295 279 296
155 17 49 48
155 24 59 21
170 200 338 199
381 227 135 44
1070 101 323 111
29 457 900 1071
102 641 297 274
13 67 147 18
135 147 2 124
77 55 11 304
98 31 30 70
96 32 181 31
70 155 135 2
73 133 148 147
266 298 51 72
24 565 298 356
147 131 2 90
18 131 90 44
67 68 14 70
103 162 308 341
1 48 45 10
163 25 77 173
48 49 1 15
181 82 135 68
81 30 72 109
135 147 90 131
98 181 117 118
48 33 221 45
24 50 37 82
1015 1041 497 1039
32 45 15 33
67 98 68 181
133 900 148 912
1071 902 1068 168
49 48 45 32
72 1114 1098 947
365 162 103 122
249 196 313 297
82 59 37 36
15 48 155 2
67 57 10 14
46 17 48 33
183 139 721 365
82 8 37 36
135 509 131 8
50 147 2 8
10 18 131 2
117 155 8 14
59 30 24 37
153 96 18 151
376 24 37 36
177 178 12 208
344 324 618 412
289 104 249 196
37 98 181 36
97 31 96 135
183 249 196 197
59 36 30 67
98 148 1746 1743
44 18 50 30
96 129 8 44
17 17 17 17
46 48 1 45
31 70 147 131
720 571 638 346
131 57 14 44
131 13 44 8
42 151 225 161
99 140 18 756
48 15 47 155
274 221 100 102
27 29 51 99
59 24 44 97
33 131 46 1
90 297 48 18
173 245 11 246
17 17 17 17
96 193 51 72
97 22 430 70
319 366 70 97
418 907 1046 253
383 491 308 1009
384 341 1133 673
494 28 80 125
208 211 199 232
2 131 97 181
37 70 51 68
164 264 216 376
57 70 59 96
386 417 382 351
217 168 29 72
282 297 100 274
266 526 171 204
836 360 103 122
118 30 117 97
192 151 42 225
21 14 57 68
18 30 31 68
81 233 176 506
50 68 57 14
129 264 328 295
217 270 515 288
313 662 282 129
99 72 120 42
70 36 118 181
24 131 8 2
98 746 1366 594
200 211 208 234
374 351 425 405
541 170 12 306
48 49 15 45
637 1368 1375 533
130 12 145 204
48 15 32 33
12 506 228 526
376 323 295 264
63 72 1351 3
129 328 275 216
279 142 165 264
283 966 994 289
2 118 376 142
72 120 119 140
100 221 297 102
47 30 17 31
1 14 15 32
373 386 352 1376
511 234 356 248
80 493 356 26
875 876 637 878
57 14 21 24
68 18 181 117
526 26 145 30
170 178 234 200
18 67 21 388
314 115 313 293
527 362 176 541
96 30 97 30
1027 996 1009 1004
989 996 308 384
199 309 306 233
155 147 135 2
171 145 204 170
264 67 68 70
47 17 15 1
151 161 225 185
36 70 37 97
752 768 817 950
17 47 470 113
72 140 29 73
36 2 24 96
33 155 17 49
541 171 526 362
47 17 46 1
44 10 21 24
185 140 253 254
14 70 126 33
1631 116 2318 165
145 233 211 39
825 818 819 846
14 82 36 31
150 132 802 241
267 1738 1734 1596
1041 753 620 1036
44 82 24 67
82 59 147 135
541 565 130 12
98 59 36 147
362 176 145 608
120 1489 706 1809
493 309 527 512
356 176 541 130
46 15 24 50
955 960 131 82
118 129 68 82
1 47 15 45
963 953 937 957
44 8 70 67
109 325 28 182
147 135 181 118
446 72 58 61
17 17 17 17
200 208 565 510
8 131 24 44
48 46 32 47
15 32 113 46
68 29 27 51
67 70 37 59
46 45 32 17
45 46 49 1
402 443 414 476
147 131 13 90
1287 1258 288 1112
21 8 90 82
33 45 47 48
31 37 30 82
383 384 435 525
166 222 151 161
47 45 15 1008
753 341 746 873
2 44 10 17
31 13 36 155
44 30 18 59
178 170 234 7
32 155 147 2
989 341 1041 745
43 202 163 239
14 181 21 50
1086 1631 1074 116
145 130 177 200
310 391 442 252
307 436 499 584
8 44 50 57
360 564 103 122
31 57 155 96
82 24 59 37
51 124 124 124
362 490 7 175
12 170 178 208
36 118 97 117
57 129 129 14
31 97 67 98
171 490 506 527
137 165 116 180
315 131 519 399
401 391 453 556
1035 969 444 1015
44 98 68 70
47 155 33 147
669 667 655 681
18 30 31 98
362 512 338 130
67 13 49 50
70 98 24 97
262 1021 81 271
135 18 96 96
50 24 155 133
24 50 8 10
32 48 17 207
117 118 124 99
132 5 115 241
264 101 216 275
120 222 166 151
202 279 142 295
1413 1461 1420 1419
15 32 46 48
912 1071 1046 2503
1602 17 48 49
756 279 116 43
30 18 82 59
401 126 692 442
320 336 1635 1648
147 13 44 8
70 97 181 117
50 68 14 36
18 57 31 30
494 326 306 512
43 129 142 279
359 1877 1906 815
578 568 709 885
207 335 306 494
253 662 133 51
4 309 248 512
181 117 118 31
376 129 202 328
989 1838 1503 341
170 145 178 177
193 1210 133 148
216 136 376 216
1092 1086 216 101
399 18 319 430
100 221 86 102
767 789 821 830
234 233 4 266
234 23 309 262
499 584 387 307
313 1262 313 766
50 68 82 36
505 9 314 150
512 338 356 362
124 358 2503 19
43 142 295 264
17 46 15 45
10 67 30 68
2 135 18 90
132 8 24 36
111 202 101 164
17 32 15 135
328 216 129 202
67 96 98 181
295 142 264 328
935 924 951 1300
82 59 37 36
120 140 16 936
211 490 248 233
50 10 14 21
756 173 77 163
506 145 494 512
175 541 176 171
119 140 121 166
780 723 799 38
68 57 117 104
73 140 121 166
21 57 44 1061
59 36 210 303
4 338 28 271
360 1850 557 107
21 82 13 67
8 44 10 82
204 232 3 233
117 97 36 48
82 37 18 181
233 176 130 356
17 17 17 17
28 1064 3 1157
31 36 18 59
46 48 33 1
295 142 279 136
319 70 464 366
1009 1013 969 1041
97 37 82 181
33 1 47 15
18 14 50 67
24 59 31 36
59 36 77 163
311 586 401 252
470 399 30 21
133 148 96 42
364 792 838 780
68 70 97 384
96 30 31 90
319 532 697 1085
140 121 222 253
135 98 30 30
236 277 292 296
799 792 723 35
225 873 215 270
36 124 59 29
50 181 67 117
137 165 277 180
45 57 21 59
100 662 102 297
30 2 155 135
99 2503 168 254
510 130 211 262
295 117 68 328
24 36 67 124
67 45 47 15
243 338 490 512
313 314 505 150
67 21 117 97
384 525 539 383
121 166 222 2503
46 32 15 33
399 532 283 13
21 37 31 2
10 37 131 1413
142 279 295 165
31 1689 29 73
510 362 145 493
82 221 100 24
138 289 139 249
161 185 225 192
990 1007 1009 753
44 13 37 97
135 31 18 67
57 155 135 2
243 81 493 490
228 23 271 262
295 165 264 277
47 48 45 15
507 241 115 5
147 135 13 50
168 140 121 73
31 70 117 67
247 143 172 260
163 173 40 25
232 234 23 271
430 46 49 15
120 222 121 73
285 124 748 259
67 98 59 18
96 155 135 131
37 44 30 135
46 47 45 15
46 49 1 36
1049 491 1050 384
98 44 118 10
341 1027 1009 1004
131 30 18 113
611 900 457 72
36 1689 29 133
295 376 101 111
70 37 97 181
57 10 21 18
13 44 10 57
164 295 216 376
50 2 155 147
57 10 14 21
328 129 142 295
118 67 131 13
98 14 97 70
155 96 59 147
170 199 130 204
511 541 526 306
271 326 309 512
49 45 48 32
49 45 32 155
80 298 109 461
1348 148 29 119
202 264 44 101
315 519 618 70
512 362 7 262
50 181 31 275
932 938 985 942
153 193 167 72
527 176 541 526
115 5 150 313
221 100 297 138
200 362 130 177
140 713 713 1
277 296 376 129
153 254 72 161
100 102 126 282
798 2072 828 796
97 18 37 57
2 24 70 10
101 129 323 202
329 1877 368 354
17 17 17 17
31 90 33 155
36 21 70 57
59 36 279 202
241 293 454 86
1530 1922 8 24
187 1608 217 27
279 376 295 264
743 739 740 755
326 30 565 493
81 493 506 326
601 521 614 603
98 117 142 279
253 153 254 193
48 47 46 33
147 90 13 8
490 306 494 326
2503 153 119 73
743 755 739 742
266 466 684 109
146 231 250 231
307 637 533 499
124 29 72 51
57 10 100 14
2 50 90 24
145 204 232 228
437 498 411 577
54 218 163 25
140 166 222 2503
32 45 48 33
199 271 211 266
183 156 249 138
142 279 328 101
18 30 96 31
57 50 14 21
147 2 90 96
209 182 489 309
98 96 36 14
525 473 424 1281
82 73 51 121
275 328 164 136
490 243 81 7
59 30 68 98
67 37 57 68
138 104 249 289
2 131 90 13
101 328 264 275
362 176 145 171
1049 1027 1062 491
341 990 1357 420
1134 1162 1532 1595
21 82 59 57
527 135 176 2
26 81 243 490
31 82 59 36
24 68 97 13
103 162 990 987
173 11 25 128
22 618 315 519
329 386 354 340
139 641 407 281
1088 17 3 3
1264 2832 970 2464
131 155 2 147
98 1035 497 383
59 68 70 98
119 168 166 153
221 138 274 27
46 1 45 47
70 67 96 98
432 43 142 279
211 309 109 506
15 32 155 135
17 470 17 17
222 253 254 197
746 1301 624 1012
323 111 376 279
14 82 8 37
12 177 178 200
13 18 30 131
13 90 50 31
490 510 527 565
601 614 603 616
603 617 742 739
97 36 117 98
182 554 409 72
2946 448 534 2947
231 126 252 391
30 18 8 44
63 51 220 209
59 82 57 30
21 59 96 14
197 86 221 102
47 45 15 48
57 14 37 10
10 21 14 44
565 541 493 12
70 98 181 117
68 97 36 98
90 13 18 44
308 987 384 1007
275 202 44 96
13 96 57 44
26 33 109 135
739 743 742 617
50 18 31 30
221 100 24 102
493 326 232 309
13 46 49 32
289 98 24 15
249 139 196 183
193 185 225 161
360 162 990 1007
2 14 36 70
129 142 264 323
124 166 42 2503
2 8 44 18
59 31 36 98
1968 63 1969 345
90 44 50 10
96 68 181 97
97 117 366 90
99 73 148 119
491 122 987 1049
104 183 289 126
98 70 181 118
4 511 130 232
94 165 137 328
977 607 341 1015
11 128 94 77
426 355 374 648
188 360 162 591
33 147 2 18
33 32 15 135
586 715 252 432
22 181 618 464
2 131 44 13
29 59 24 37
322 136 142 165
57 15 21 32
264 180 236 142
1087 376 1006 900
254 192 193 253
96 117 2 59
275 111 323 164
2940 2942 987 2938
50 10 14 57
399 315 519 464
31 90 97 8
10 21 14 57
33 18 43 292
756 94 94 33
59 57 21 37
45 46 15 32
17 17 17 17
57 96 24 82
145 541 130 171
117 21 376 2
17 17 17 17
147 2 131 44
45 15 47 33
420 1333 85 17
1939 1947 1955 1940
1050 308 1027 384
2 99 18 133
90 44 131 8
5 242 298 109
59 14 37 67
15 17 1 49
228 512 262 178
17 47 46 48
17 1 49 45
213 19 270 217
50 57 10 14
165 180 292 236
175 63 233 541
156 289 765 139
90 181 8 68
21 8 98 14
82 36 37 18
155 8 46 1
81 306 243 68
18 70 98 118
140 527 12 170
222 181 118 98
21 24 59 493
512 170 23 511
406 726 1235 1206
695 689 379 704
181 117 118 24
2324 2327 2325 2326
181 135 155 2
37 59 36 30
33 155 131 30
47 15 14 36
989 990 308 1027
315 532 399 30
185 161 2503 161
2 90 131 18
96 21 82 131
