3172 276 897 87
1090 1091 1092 1093
692 2160 3322 2094
4892 9492 9493 4893
1694 1695 1696 1697
7630 7631 7632 6144
2128 371 4653 491
999 1000 77 148
4 3764 6 138
2272 771 1826 2072
1112 1628 930 259
504 273 83 71
278 265 1138 2331
7836 136 967 1101
11 1 6 7
232 259 158 2056
6 55 294 3
3197 2210 2257 2258
659 6 2954 2993
6 83 981 7
255 233 1709 237
1568 25 1693 2040
294 83 2144 573
1071 1660 3810 3788
1566 5759 4614 4970
2031 2155 11361 2032
6 14849 46 379
423 3102 438 445
854 5005 5006 5007
1132 90 13689 3
7 87 3430 8009
820 11266 6114 3492
374 1921 379 697
11 4 622 6
335 336 337 338
1568 1690 5545 4417
3992 747 255 1690
21 1536 5501 1019
863 1461 20 3717
1569 1 4369 3522
6 215 138 631
2124 2281 775 260
215 353 8583 55
897 1976 1977 1978
369 517 2821 1035
361 747 2035 229
90 1147 3322 5381
1048 1104 265 7
13210 600 1834 400
1142 5718 3145 2956
3264 4191 4192 1908
83 981 7 5142
2301 14236 15110 401
512 1696 797 5675
242 3 243 278
6 6343 3794 1458
5946 1895 1836 2
7085 2296 5732 2298
3489 96 3919 1715
1 218 6 1741
13956 10979 9085 7
1652 2953 1607 1131
1601 2042 2043 2873
131 133 62 584
692 5535 693 694
2192 3 494 499
3250 7354 3926 206
17 6 1748 3
1742 5824 2393 2226
13253 10119 5380 5849
776 1132 90 522
484 55 3 9243
809 810 83 3
3394 6621 2159 3603
205 3128 77 737
1481 834 2220 718
44 6820 273 3
218 6 4059 139
800 358 1536 2178
512 1112 1707 1708
2888 946 42 302
1365 1366 1367 1368
438 4782 870 2332
273 2061 1481 438
247 993 1118 3515
5893 9023 1576 7724
828 1990 829 2400
665 2024 314 6
5682 10043 4736 5688
40 660 6 2
25 2038 257 155
55 882 1612 667
292 429 431 432
777 142 248 6955
429 430 432 446
9 992 3257 3258
9253 7188 734 7189
4751 2190 1653 828
6 14306 1872 1592
5613 6892 268 6711
11 4 6 1464
584 1947 265 7
866 1077 148 492
584 7 2851 6876
1411 1412 1413 1414
1790 37 8414 49
260 4001 281 2993
4509 1816 3493 316
1845 1846 1847 3
6 55 2042 3
969 2158 43 3648
568 7837 438 4612
269 3001 6 3
11 4 6 3
3075 467 494 870
3394 2181 3 77
3680 1754 3197 220
1505 5894 1506 6523
339 268 11 27
6810 3259 3762 2133
6 56 4304 19813
1805 686 1838 354
1981 378 83 209
446 457 1561 4970
2417 64 5975 3885
3752 1799 1068 7419
4662 983 1868 3566
1810 2874 1132 521
135 423 77 148
6 56 21 14919
2953 1466 2282 775
512 1694 1696 1698
212 7367 9046 87
278 7901 7 2443
281 1025 44 14314
3436 10052 3 7
258 482 4811 496
1909 4195 3543 821
3369 4591 5058 865
379 2200 5234 16454
220 20 357 845
1677 1678 247 3
3118 1841 3 7
8059 2280 774 1035
3783 3419 1063 508
1697 1698 1699 1700
3407 3835 136 667
1025 373 2887 380
670 12601 14658 148
8848 776 537 380
7 49 205 3342
1138 7 3169 10627
644 1481 6234 670
5008 5009 5010 855
339 268 1580 11
437 443 446 452
41 686 4731 3762
6 230 232 3647
6711 3966 2102 2326
5670 4980 824 230
993 775 3 534
6 4696 1765 2035
11 6 219 303
3719 2159 261 263
154 254 512 2269
1162 3156 3212 1451
253 2118 6040 10869
3514 578 3337 3871
3118 21 2071 3214
69 11 749 218
5020 6244 5736 2385
2602 2603 2613 185
6754 2559 2579 185
142 2190 248 2048
6 357 762 590
55 71 999 1000
145 6 3 3080
1535 540 800 358
3232 111 2366 64
522 777 3718 142
1544 1545 4787 4788
1626 56 1658 78
1565 5596 5597 3844
45 523 1133 7395
2847 6047 4791 3209
254 747 229 364
2364 4617 3583 5243
312 872 6166 1011
1 6 55 678
1718 125 2057 128
2 821 3 132
265 28 7 32
3720 6960 273 64
7 29 32 1154
2221 7 2357 563
3 135 77 3297
13696 12787 3150 1775
2981 670 8737 148
1282 1293 1304 1305
11 6 3 2243
3724 446 1023 3083
1291 1292 1293 1294
1604 513 1605 2268
136 967 1101 877
6 1658 41 219
1 218 40 6
218 6 228 541
7788 4974 4365 3357
5095 5096 5097 5098
424 148 6852 3092
1267 1268 1269 1270
11 6 3 628
1236 1247 1257 4850
11 218 2024 314
1643 297 6011 299
4 3003 307 3
1676 943 1677 1678
161 658 40 3456
11 6 3 662
644 848 552 1169
1565 1149 644 64
48 2356 558 14
3 2169 8377 6247
1399 1400 1401 1402
659 660 3456 6
5657 3385 2941 296
434 786 463 4638
1 218 6 1769
11 6 446 2144
3390 996 3951 4677
688 366 770 232
6 55 686 354
55 1795 294 14991
11 4 15728 218
1166 3141 2160 9371
1086 1087 1088 1089
2280 2124 1466 4742
573 916 244 316
3346 6 271 3
218 6 303 766
6792 569 5362 999
6047 4791 37 6090
4700 1680 20 21
3395 262 46 379
4841 5101 11 1
330 331 332 333
215 598 2942 10537
7987 13862 11942 8143
3808 2061 2389 16679
90 2190 378 1176
3361 3470 2941 5375
4988 2012 1643 3197
6073 6893 10824 5116
3 3374 98 397
268 1580 11 27
5326 866 448 6716
11 4 6 2199
11 4 6 55
83 64 1037 1612
3 398 7 399
7 11764 11094 2107
1838 1644 760 357
90 3 64 423
11927 12664 4662 88
205 3910 1507 2234
504 13569 14168 9815
11 27 1 6
1466 2126 2127 2128
1959 3671 1960 1503
1410 1417 1428 1436
832 5705 8378 5742
6586 6719 2308 270
531 3198 148 435
1838 1644 2211 762
342 5905 1878 1879
480 5926 28 7
1466 2975 260 4001
1838 4696 5659 21
5368 1616 1456 5375
1612 7214 7217 7220
14205 13736 8550 10039
2024 314 6 7
10530 14475 10259 14476
6117 11 1 218
1921 5627 46 379
508 269 11 640
658 40 659 18822
344 1643 306 16155
1770 1538 1034 4760
293 6 2 3
2357 438 471 3354
40 314 6 3663
3 7099 49 148
1871 11 4 6
6329 877 316 678
348 2117 1741 3359
1171 1172 1173 1174
3553 2373 1054 1529
4242 3664 3363 619
3777 282 3865 2109
278 7 2847 2800
2878 64 7 401
1519 529 1135 530
90 521 522 777
4329 584 4776 2093
14041 2984 266 1737
27 1 6 7290
11 27 6 45
215 2844 18 3
1784 1785 3860 423
442 585 492 499
2115 2116 11 1
773 2072 650 2122
5453 5454 5455 10690
1254 1255 1256 4842
3437 12 974 1830
1644 294 7088 3198
838 144 2819 3660
11 4 490 6
1692 25 1693 5670
6466 11330 405 406
270 27 6 349
490 27 987 6
83 3 7 1868
2219 3813 2062 3766
69 11 6 10995
2356 558 4966 1743
4806 615 1830 3479
11 288 27 1
4990 3812 2059 2386
1416 1418 1420 1422
11 3764 72 987
138 1810 3436 10052
364 25 1693 230
11 2309 6 3
234 235 237 521
1505 10923 1507 6629
3437 7 87 1560
229 364 25 582
4673 2953 1131 520
590 294 3 534
69 6558 269 11
3315 218 6 2285
233 1863 1709 235
490 217 55 729
8090 1921 3 2058
2264 25 768 2040
1535 540 361 1685
262 263 7820 4767
1838 354 1644 3197
85 276 9936 8552
8910 5210 13423 15844
2886 12 4616 1531
2342 3742 255 1985
1775 1140 534 662
2059 64 1037 1671
332 333 334 335
6372 307 553 2371
7 3689 662 136
218 6 255 25
1580 2939 2154 5287
1579 87 4481 633
3666 5900 77 148
1839 4444 153 760
27 6 15009 15010
540 254 1690 3
520 90 521 777
1231 1232 1233 1234
11 27 6 3
9771 7498 5911 8125
763 57 229 1824
1715 628 97 397
3891 6873 193 194
929 858 1885 1888
324 331 332 338
64 3345 7172 670
10496 392 393 10497
7553 1757 3345 721
11 17 6 55
339 268 11 27
90 537 12 10242
3 3488 8237 397
1386 1390 1391 1392
27 6 4203 1771
1 218 40 6
351 989 12571 1564
290 633 136 148
2020 11 1 218
3562 85 3563 86
3825 1142 227 2096
288 1 218 6
5281 2107 6189 3276
5418 5182 686 354
3552 1528 2243 321
657 658 40 659
980 865 6706 3374
38 993 1118 632
7245 3483 989 555
1093 1094 1095 1096
1639 934 7 897
218 6 91 3
1685 3992 362 1692
135 423 5011 866
85 86 3947 1090
218 314 6 905
5656 270 987 218
7122 7123 2896 2897
7 2395 737 5067
8659 3232 11499 3806
352 808 5407 706
1144 294 3488 7
16374 16375 15864 3
11 6 3 7115
392 9628 9629 3741
1498 1155 6132 2855
3955 278 49 3102
4923 4924 3417 4925
2072 650 2122 2123
8631 3101 6404 8632
6 5948 1892 1900
246 3155 2019 151
483 218 6 262
11 27 6 49
155 2040 688 1711
858 342 1898 3714
90 521 142 4749
869 1023 4638 9969
3485 9035 261 2010
151 11 160 27
1184 1185 1186 1187
11 218 6 138
1864 1865 2270 1709
2026 3384 4058 540
772 2954 2124 1024
1065 1921 3 567
1019 2976 90 522
379 3 7 6132
5108 540 766 2952
2050 3801 8712 1610
1415 1416 1417 1418
3437 1830 5110 2050
196 197 198 199
447 464 2332 7917
235 236 826 1131
7778 7781 7788 1997
3810 131 11086 6270
11 6 512 667
135 77 24 148
11 27 218 6
5330 13413 3 2925
5039 2 345 9541
275 6 3 77
7112 7113 5223 7114
218 6 555 878
47 4369 2062 1037
9633 2941 990 55
1 6 3 4321
2849 1956 2800 205
158 1651 1863 1463
230 257 155 741
4210 4211 1915 66
11 4 27 218
974 5956 5340 6686
354 21 2071 3516
1518 528 1519 529
11 27 1 218
112 118 131 1036
3598 3955 9267 3405
1765 1648 3992 363
3798 995 1607 1131
11 6 766 158
28 2845 7 400
1808 90 523 588
11 6 55 3
775 1810 827 1132
1869 9468 148 19100
4 1 21057 3
5529 2118 2121 254
3259 248 2133 3394
5408 71 423 2310
598 588 5355 1829
1189 1190 1191 1192
358 2029 1982 359
2 361 1648 2263
863 7107 3235 5572
1018 4960 2012 4962
3835 432 435 452
1177 6 1914 255
20 3 3638 148
2029 1536 254 1682
215 253 4442 3765
4742 2281 2128 2129
3001 54 55 3141
1047 1620 6 2163
3456 6 2026 303
13238 11583 8338 14408
1458 3257 2012 352
148 13868 6976 6977
2863 8781 4662 88
13661 13662 5331 4938
6 1981 764 2283
1871 269 11 1
7 276 13062 897
753 232 882 1808
314 6 139 990
141 142 3390 5532
897 1978 211 87
11 6 296 90
2234 423 77 1031
3456 1143 6 138
3501 2953 10043 10837
5715 744 458 3669
845 762 901 21
3174 3175 3176 3177
11 218 20 7
5024 2414 584 2093
11 603 640 27
537 3348 1654 3804
5562 701 5484 12755
4408 4409 6053 10928
3802 3 701 8980
27 6 687 83
2954 650 2129 2130
504 3 5176 10521
25 2072 2124 521
554 11 2150 218
2172 1021 704 5058
1345 1346 1347 1348
130 3810 715 2879
5394 752 254 514
6 361 3 662
6 1150 7878 2409
558 87 737 1001
784 4566 5376 5250
155 512 1706 1166
21 358 2155 824
2062 2388 670 7
829 5627 46 379
6 90 379 3
25 504 83 23
5543 4952 3813 3701
55 901 58 59
1503 1504 7730 3910
69 11 1 6
2 215 6315 10910
3 278 28 7
254 221 230 258
3835 1001 3821 662
16218 15147 17272 5462
4989 3658 2049 3221
6677 11959 675 492
40 6 5110 376
2352 194 11587 196
450 452 786 868
330 331 332 333
15275 13307 7523 10140
974 3394 2094 83
1358 1359 1360 1361
77 866 3569 531
1681 627 1841 542
27 218 55 3
9195 629 112 2057
615 3252 215 845
5310 2977 14 3489
151 269 11 987
13773 4568 4571 14250
724 601 934 7
753 3791 1910 345
10419 3267 6050 11766
897 86 421 423
2276 2277 4739 771
777 3121 598 12
3 6182 3297 290
2615 185 2622 2623
1035 4653 827 307
2037 2872 1825 825
3333 4707 1535 540
6 5510 303 138
4733 2953 1131 2272
1247 1257 1260 1271
6 1919 3361 5368
3810 131 3812 11129
777 141 3390 537
138 155 3 7
400 32 85 86
1182 6 2 7308
697 308 9240 7577
1323 1324 1325 1326
2 12484 5510 2843
825 512 368 513
6577 770 232 5677
1997 218 55 3638
3991 2155 1648 9799
5017 5223 7114 5018
6 303 55 2329
16175 11 603 640
2423 5756 3818 670
6 3791 2025 2952
3897 3276 1956 8938
248 375 1795 2134
11 1 218 6
8944 1051 1052 2811
218 6 540 254
148 867 443 449
6 857 344 3680
1701 1629 1706 233
372 2976 5694 90
741 2040 3646 233
1843 148 73 2067
4065 2101 311 667
4 6 55 3
368 3120 237 90
6 13575 446 5409
155 3645 5672 1650
240 2398 241 1711
591 49 1496 1773
6828 8115 13428 5086
376 2010 3370 7
5192 1 6 698
241 504 5234 83
1336 1337 1338 1339
230 156 688 3647
4680 4614 3660 1486
139 1030 294 1141
3658 3666 83 3486
6571 1858 3694 4678
3487 3488 3489 397
512 231 769 4060
1352 1353 1354 1355
2050 148 444 1484
1610 3141 3804 1470
5184 3926 206 5930
347 56 1034 1652
236 237 650 2122
5336 5337 13960 4401
218 6 56 89
1991 2843 215 1801
6 821 555 1644
11 4 749 82
1274 1275 1276 1277
3262 118 1071 3398
1497 12410 1499 3285
2141 3021 3409 1725
1065 1542 1543 1544
11393 1023 464 9068
1838 1644 2070 3870
12929 1592 1883 1884
901 21 1534 579
7708 7709 7710 7711
6847 7 5257 86
1077 3237 633 148
27 1 658 40
25 155 231 232
9929 1019 90 521
902 2133 2331 7
423 434 744 15896
3090 6 3121 294
7055 1714 2173 9206
3328 3329 1960 505
490 987 218 6
1961 3923 1963 144
1908 4194 1909 4195
528 1519 529 530
3552 321 3198 148
154 3337 762 1534
325 326 327 328
11 27 6 514
77 3339 438 445
6 694 1523 3
205 15364 16330 5890
8270 14127 610 49
1175 4823 10671 4093
633 662 136 1101
490 218 6 662
218 657 658 40
9 1018 615 55
3516 364 4980 824
2020 1871 1580 11
32 51 209 5570
491 307 378 4422
56 1539 1144 357
11 27 987 6
3870 355 1680 822
2331 934 28 981
10945 11213 3 492
48 4522 1149 7078
7152 584 64 278
17310 10692 10693 10694
20998 232 3 77
5080 6251 1507 7350
11 4 1039 1
2920 121 2921 2922
273 3 9216 6673
378 1570 380 3658
27 6 83 49
45 5048 2886 4760
6 2 10743 260
1519 529 530 2284
1371 1372 1374 1375
6 347 3385 1168
650 2124 2127 2128
3958 790 4509 316
4 6 3716 3
11 640 2022 987
1339 1340 1341 1342
5130 927 1817 8039
144 6716 5759 1485
662 136 2018 470
6828 7981 897 6420
6 3176 136 148
218 6 3 14
6756 6757 6099 4868
3435 2363 2952 4512
3 7119 7 77
688 232 1601 233
6 2346 1456 303
185 2647 2649 2652
1685 363 3516 25
330 331 332 333
3875 3651 4311 913
1738 989 990 296
6 510 3483 686
27 6 510 55
1774 8773 2230 5408
1037 2389 1169 725
8064 512 517 2277
1327 1351 1353 1362
1025 241 3394 242
2 820 45 1145
2186 3 3293 73
1397 1398 1399 1400
3394 3368 375 1795
7973 640 8620 6
3 9395 3194 9396
7415 1060 7901 7
1390 1391 1392 1393
1974 1975 7424 7425
3457 1030 773 2072
1507 2817 2228 2229
3458 2270 1709 234
7080 5598 5599 7081
4167 859 2207 4168
13720 3885 4952 670
4158 4190 1909 1770
8149 8936 8700 9646
1071 120 7131 2912
7 8112 3351 8113
1517 2272 4735 5686
1413 1414 1415 1416
473 6347 8482 1817
263 504 46 3230
763 57 229 1824
1883 1884 1885 1886
2050 1470 273 3
3170 9338 9339 9340
603 6 993 662
27 6 3714 83
218 6 11128 148
423 429 6374 675
1000 77 531 662
6 55 83 3
5868 8383 5021 1661
2387 5178 7582 1529
692 2160 3322 2094
8898 8775 4329 7148
3416 3383 2067 3538
11 1 6 859
71 2101 135 5758
273 2366 6458 737
4774 2061 5398 64
115 125 148 1141
1660 1719 6335 7
6 138 278 7
218 6 6343 3794
340 11 4018 218
3604 11 6 706
879 212 87 5578
882 12 1531 11565
1019 90 864 375
490 27 1 218
2125 2126 2127 2128
6 347 2042 73
90 3 494 2018
3196 2070 1839 1680
1707 1708 233 368
11 4 3945 737
83 4065 2412 28
3351 10858 7986 11883
824 825 3 77
5162 8122 11000 942
303 55 138 993
6 271 909 55
18772 7 897 87
2206 507 1063 508
77 6182 3297 4597
6 3 397 101
4666 464 7764 870
11 6 5268 1002
7 32 3422 4791
3617 3170 3171 276
303 8422 19855 5303
306 4449 83 7
2072 278 7 49
777 3473 281 3394
1591 350 2952 514
3517 3190 583 764
5554 670 3207 168
826 5309 1034 2271
87 3426 6171 6423
6 9444 90 5832
3348 2133 3394 9384
494 1566 470 564
993 1118 379 5700
41 2888 5657 5510
1149 3488 3919 100
278 7 2847 3881
2860 212 87 88
6 3 135 916
1688 3992 1689 2035
534 148 6000 4359
438 978 445 446
4 6 12845 12846
6189 1956 205 10856
2290 6064 3692 352
49 885 3835 148
5616 2103 3385 139
12 974 12479 1531
4965 3 852 120
40 667 316 4078
2412 5028 135 866
294 3 2170 2876
2059 4066 2061 644
3551 930 1602 259
4 6 3333 650
2281 1035 1467 4743
422 423 568 435
3 723 786 316
355 1839 220 4700
9115 87 869 790
2800 2801 2803 2850
11 4 6 845
1132 781 537 1025
27 6 3714 83
11 27 314 3
6639 6497 285 7
1823 1 218 6
8719 3342 10041 2300
670 278 205 3287
85 6647 6727 10229
6710 268 1063 11
148 3409 630 313
706 812 980 865
9844 12605 87 2863
1 6 296 6118
16396 16397 12413 2232
1538 215 882 3
249 842 2181 379
4727 1806 1824 364
1536 363 155 825
332 338 339 11
4331 1773 205 5929
815 4776 278 7
1269 1270 1271 1272
492 916 4571 5068
144 564 3104 137
8125 9774 3923 1090
11 4 218 40
255 281 3 278
2903 2904 2905 6741
27 987 6 3
3082 1735 3083 1736
2901 2907 6173 120
3286 2396 11664 10566
827 141 7820 294
18690 7917 11481 19973
853 5004 854 5005
7 3152 879 2863
3486 949 1174 3232
5554 670 3207 168
1823 11 1569 27
6 3 5744 644
1908 4194 1909 4195
1977 211 87 2373
997 12 12479 6172
9779 71 423 999
6 296 1044 382
5495 3249 5397 1146
531 2254 148 630
1240 1241 1242 1243
5663 254 361 1688
2975 526 1134 527
3118 5664 901 5665
14 6173 7 77
1336 1337 1339 1351
11 1 218 6
3 5634 848 1612
784 3 3961 791
11 6326 270 27
5330 382 205 6251
764 2045 2873 1033
897 6439 2148 4527
1132 90 142 6448
1648 1688 910 5545
7 135 136 6344
5643 3931 321 135
1044 3391 13413 1469
233 237 521 522
11 4 6 598
2872 4060 367 3
6 9 4960 303
4818 2841 4819 4820
4721 3449 364 25
13159 1174 1832 64
6555 1542 1543 1544
6 13713 2093 64
3462 2826 6408 1752
7815 1570 3 736
3395 2135 6162 5110
1133 2942 4360 5329
2874 1132 1019 372
138 20966 83 3
5543 7170 670 737
5568 5569 4503 1997
20045 20046 3 13825
226 9522 9523 2287
2163 5045 3 77
4138 4145 1802 640
4851 1716 133 178
4203 1911 3756 1538
3337 1119 845 762
2020 507 4055 1115
726 1138 2331 5146
6 632 361 3
1 218 40 6
832 109 131 1036
3971 66 1658 1181
1838 13456 19775 77
768 365 741 2040
491 1810 827 1132
154 762 1681 826
13418 189 204 7
6 83 7 49
11 1 6 138
10530 2229 866 448
2789 7 37 6515
5340 2135 2136 305
64 278 7 1050
1681 3871 358 1132
2921 126 133 64
525 1518 526 1134
6 1862 2 1917
6 2072 650 2122
5019 3638 135 2064
4692 1030 774 776
4265 4266 4267 4268
1702 1707 1708 233
4142 4143 4144 4145
148 6000 431 435
3141 2160 2439 5959
10547 7368 87 448
6 21 1493 3
11 488 6 356
86 1774 3209 3210
1639 934 7 2847
1469 689 3394 842
1 6 3 706
1131 7253 7 135
4854 6372 3733 5642
3956 3639 148 292
1260 1261 1262 1263
218 161 657 2086
46 2216 784 672
1518 1134 2283 528
2331 5849 4074 5146
11 27 6 215
514 1033 1034 371
1519 1135 530 2284
15889 242 2135 305
11 27 1 6
1 6 56 215
3589 1 218 6
246 11 1 218
329 4 6 281
5093 4831 5094 4376
144 1485 2251 3825
9 3387 1541 1065
659 660 661 1143
1466 2126 2127 2129
1476 64 552 725
8494 10089 4982 3104
11 1855 6 3
777 2403 377 590
6 514 3 2392
1181 2051 3 3192
6 89 303 8178
1125 1648 6563 4979
1538 55 3 7
1469 9393 3519 241
6 3649 3650 3122
5093 4833 5101 1
