36 56 110 11
35 12 36 28
8 12 27 9
136 42 43 139
58 27 28 43
79 64 113 30
18 86 22 70
98 26 79 41
6 119 120 93
36 49 8 30
246 6 16 253
60 20 9 43
60 110 114 31
169 57 179 180
12 44 45 30
36 113 11 47
111 27 37 114
73 114 47 80
9 60 11 47
41 120 3 133
113 132 64 136
50 11 30 36
31 62 70 246
54 68 3 136
56 70 25 40
80 149 44 150
50 64 37 49
12 144 78 170
139 143 144 209
66 88 133 28
137 141 143 13
72 74 82 119
77 78 133 45
22 25 47 70
5 253 28 34
190 23 245 33
16 70 14 96
54 68 26 69
23 15 45 68
8 10 55 13
253 21 262 52
6 47 141 77
117 118 135 50
133 141 15 58
29 22 34 26
79 47 104 39
40 135 25 143
74 26 16 27
13 149 164 56
133 143 191 245
1 10 20 28
47 117 118 137
35 30 36 113
13 37 17 1
1 56 65 8
50 62 246 251
56 110 117 1
256 32 35 260
258 20 259 23
33 133 136 139
38 46 9 66
40 113 47 117
111 114 60 117
253 41 59 62
190 86 245 46
42 27 71 35
42 43 139 143
19 76 103 11
218 34 245 24
52 94 108 109
8 10 68 9
47 56 189 190
76 23 78 110
7 48 34 56
53 11 54 52
53 19 63 22
32 26 27 39
50 10 66 13
36 109 65 110
197 245 32 250
60 17 11 46
54 247 253 41
248 255 263 12
41 78 32 79
23 33 8 10
117 118 133 64
83 28 42 78
14 21 143 144
45 47 136 34
1 18 105 20
16 118 65 120
144 170 173 10
133 30 60 141
23 246 253 45
30 42 62 255
27 102 39 19
113 4 68 114
38 11 39 110
246 37 250 24
187 18 55 245
71 80 165 65
31 110 14 117
31 56 93 110
117 119 55 63
34 56 4 27
1 41 9 82
7 9 60 13
42 51 250 253
247 253 22 258
109 51 110 9
70 17 50 78
245 24 248 4
42 8 3 22
31 13 2 15
77 246 6 251
118 120 9 14
146 149 150 245
19 40 113 49
4 144 13 245
20 23 52 64
10 6 19 11
79 49 94 35
89 110 114 32
35 36 73 20
31 56 143 57
4 6 143 144
109 110 117 118
62 71 114 9
23 71 11 6
35 27 32 110
22 58 8 14
23 52 250 253
26 31 16 35
17 2 37 19
70 139 143 145
44 61 154 181
40 255 31 58
132 55 133 139
5 16 39 8
144 146 15 150
28 37 53 30
7 149 167 34
58 18 111 29
59 143 60 144
117 118 119 133
37 79 110 111
69 81 42 79
53 99 17 44
6 133 139 143
69 68 78 24
245 32 246 12
12 23 84 246
1 18 35 46
56 266 78 84
38 35 10 36
101 73 33 61
54 253 58 71
58 61 35 10
3 29 143 145
63 262 87 90
61 21 52 14
13 22 40 15
30 137 143 144
18 84 22 35
28 18 6 20
67 99 117 23
26 19 24 27
255 53 62 259
262 54 264 280
35 9 48 22
26 2 27 62
7 43 141 51
68 23 39 26
180 195 5 197
73 51 78 52
44 22 25 55
78 7 79 110
44 59 3 1
41 33 46 71
168 81 245 30
82 17 35 22
34 38 20 11
245 4 6 22
83 84 35 42
9 26 4 33
71 10 24 17
71 31 35 20
117 135 141 12
16 26 31 1
38 144 49 53
44 28 72 22
39 132 1 2
48 117 118 132
79 52 110 113
83 42 113 65
195 204 245 54
67 14 68 81
17 29 18 74
57 9 83 10
21 111 57 114
54 13 43 14
15 111 1 5
1 51 54 8
54 23 5 49
59 48 28 110
144 91 219 245
19 74 22 49
19 32 256 37
38 118 132 72
39 110 6 114
67 37 78 79
37 40 26 7
78 5 79 113
33 262 15 21
2 118 136 33
53 180 19 107
66 139 5 62
79 133 75 80
26 37 31 41
117 121 122 12
24 26 28 54
5 24 54 8
8 79 54 110
86 30 16 49
20 34 53 23
58 110 9 111
21 8 22 41
9 129 10 11
36 252 255 43
1 9 20 11
67 8 27 9
149 28 153 245
16 39 8 1
104 246 14 249
50 173 40 179
114 40 117 1
21 33 35 143
15 9 40 11
64 147 13 149
3 10 245 32
19 22 17 11
37 246 30 34
103 17 62 18
31 38 47 70
283 309 310 63
35 191 245 41
1 34 56 4
30 254 56 59
65 30 14 42
38 43 247 252
64 259 20 262
25 120 117 132
44 20 110 118
46 35 3 25
66 14 51 17
37 47 9 28
118 16 191 245
39 252 42 48
118 135 32 75
55 68 110 113
3 115 1 12
7 9 253 39
53 15 54 35
46 8 30 9
143 146 11 58
22 23 10 32
6 11 117 1
253 25 257 259
95 11 60 91
19 25 253 26
55 26 25 27
2 14 15 5
79 110 34 113
21 117 118 27
39 201 247 10
110 117 7 118
96 245 24 246
60 61 133 139
245 45 60 246
57 17 2 22
36 44 73 22
13 23 36 67
30 44 63 9
9 51 13 21
37 19 41 47
115 6 117 7
68 144 153 54
56 69 35 50
39 247 72 250
1 6 27 31
41 59 17 3
132 1 70 133
23 14 15 46
19 32 36 51
40 117 13 118
13 29 8 30
58 149 150 195
85 195 76 197
31 27 74 19
32 136 66 139
22 26 32 18
253 259 29 71
34 38 20 11
132 67 133 66
78 107 2 10
33 85 8 25
1 28 44 8
82 181 189 190
197 246 37 247
143 219 245 15
135 11 71 143
245 44 48 255
8 22 42 9
24 59 18 51
21 26 28 13
29 68 11 69
250 39 45 253
17 22 19 40
199 245 15 32
41 120 3 133
13 24 29 14
139 7 143 144
30 114 117 120
17 1 37 5
46 245 42 246
51 56 117 5
44 49 246 16
78 79 110 20
33 23 26 63
247 52 54 57
79 113 117 118
25 309 40 310
248 15 23 253
14 21 143 144
32 49 4 1
118 90 133 91
246 10 15 253
36 26 72 7
27 67 34 36
37 41 58 46
8 13 49 9
6 19 28 34
17 14 18 56
246 247 75 76
56 98 82 101
73 203 246 23
62 4 1 21
40 44 253 286
116 135 63 139
6 143 12 144
11 149 166 38
4 22 8 49
25 18 55 23
149 191 45 193
70 89 5 28
65 251 54 57
143 19 144 24
39 246 11 253
144 173 22 24
1 118 16 162
29 23 33 35
33 63 149 150
22 41 20 31
9 253 39 255
17 30 18 67
5 8 12 1
13 46 94 17
113 32 80 117
139 30 42 143
82 125 20 23
79 65 113 1
74 246 51 61
35 36 110 21
8 27 9 81
246 6 247 15
73 5 21 38
60 11 71 75
25 10 40 72
47 26 48 31
9 57 10 73
88 105 2 21
246 12 252 37
245 55 246 252
50 189 190 245
245 36 46 246
245 246 33 253
17 3 41 20
107 69 73 78
41 246 3 253
199 202 75 209
44 33 45 64
2 36 40 68
248 6 253 46
49 246 6 247
35 36 46 7
90 8 87 10
61 84 99 82
5 10 25 8
17 12 37 61
55 70 4 9
246 39 51 250
13 20 17 10
67 17 1 20
40 49 26 27
125 10 16 132
58 134 59 145
143 48 144 211
28 31 256 40
141 123 127 143
245 89 246 61
57 247 19 253
26 3 15 57
110 10 34 44
1 47 9 53
40 26 24 27
20 40 259 48
71 247 252 256
25 174 179 22
35 50 36 42
60 132 52 133
4 41 18 42
136 21 144 55
35 41 37 44
36 71 110 41
24 245 45 47
78 79 110 61
134 97 143 146
40 253 262 269
198 245 33 247
1 54 18 97
72 77 247 7
6 7 252 69
57 71 17 50
35 39 86 69
27 48 66 53
15 58 26 1
14 38 88 96
14 8 1 24
17 1 20 27
21 78 79 110
132 114 139 113
3 54 72 78
143 21 144 146
27 113 117 8
67 266 31 40
46 15 38 69
82 8 13 45
60 127 245 84
30 13 31 35
46 53 43 113
118 121 31 41
199 16 61 201
4 9 30 8
144 20 68 209
5 112 113 28
245 47 52 247
17 5 18 37
17 4 20 36
25 111 54 117
143 43 144 49
42 68 78 8
218 33 245 86
19 44 57 24
182 245 58 246
139 15 143 27
59 246 8 253
150 165 31 179
28 16 20 31
5 7 12 8
70 11 26 37
51 113 115 29
33 262 70 79
70 141 16 143
38 53 15 12
8 3 25 9
4 20 35 36
11 247 45 248
60 10 24 74
1 14 50 4
143 3 39 144
78 25 79 68
8 13 9 36
45 14 71 17
50 112 17 46
139 143 144 147
59 197 198 247
121 22 132 44
46 36 41 29
13 25 8 26
145 149 150 34
10 35 68 47
253 23 55 256
26 30 76 27
110 14 113 20
23 253 31 39
14 54 67 74
150 168 3 180
4 57 69 8
33 143 43 144
7 33 39 84
195 246 23 56
38 247 257 29
24 27 271 36
8 49 9 28
30 110 5 117
61 78 32 79
246 7 14 77
40 4 41 18
187 78 87 189
19 18 22 12
117 118 14 133
33 8 73 9
23 39 26 27
9 52 11 21
35 28 39 33
52 252 30 31
30 42 8 20
119 24 30 49
11 245 81 97
17 253 38 43
23 143 4 24
110 7 33 114
50 23 26 31
45 62 143 17
53 65 17 66
76 35 32 36
53 54 136 58
94 245 22 42
143 50 144 146
120 6 30 46
255 48 50 256
22 24 8 12
37 120 19 132
91 139 66 143
92 22 78 84
31 85 17 6
31 52 17 22
184 56 187 27
46 27 49 79
82 184 56 187
44 143 72 144
37 17 18 22
13 11 64 17
114 48 117 7
27 117 118 133
170 21 46 191
143 199 245 15
52 146 149 150
19 48 250 11
181 55 61 209
19 43 78 7
41 42 8 9
68 83 13 77
35 36 143 12
67 195 204 246
36 46 27 49
5 15 36 30
20 21 253 49
65 80 44 60
245 21 29 253
11 35 141 64
253 30 33 255
72 113 87 117
36 40 257 29
143 45 144 213
15 84 30 71
119 20 123 139
53 54 110 3
45 70 72 139
133 55 134 56
70 37 78 26
32 35 74 22
14 35 29 42
66 253 23 55
22 44 31 19
3 46 47 8
38 108 31 109
179 180 20 184
29 64 144 11
42 247 250 253
17 25 75 19
2 11 10 19
33 78 13 15
29 11 35 7
88 43 54 89
1 14 49 3
118 137 143 144
34 35 76 119
149 150 245 21
14 46 33 23
6 16 117 118
31 76 17 3
2 24 41 144
70 120 101 133
42 45 191 246
14 17 18 22
25 251 253 80
94 14 20 35
9 36 48 28
61 14 79 98
255 84 260 262
6 56 78 79
35 78 9 79
63 35 36 47
20 28 45 26
17 12 34 18
23 16 26 27
36 59 75 33
25 62 149 56
65 66 139 143
16 30 51 59
65 20 28 45
42 51 253 283
78 136 161 33
53 110 6 117
18 60 22 53
145 149 24 150
143 144 146 16
34 95 19 103
22 26 24 33
56 44 45 114
10 17 19 49
68 35 36 90
29 10 7 17
113 4 50 117
35 36 39 46
45 143 146 30
132 133 143 40
122 2 5 132
32 43 18 19
144 153 56 163
33 35 246 16
9 51 26 7
61 133 57 143
34 18 92 20
109 34 110 6
79 96 31 22
2 61 108 5
16 78 79 48
133 63 139 17
144 146 77 97
69 55 74 20
29 43 77 87
48 53 139 13
58 246 12 248
70 95 247 253
39 45 110 124
9 53 28 36
113 116 246 18
117 118 132 79
8 117 1 118
144 51 68 145
248 255 85 260
36 26 2 37
54 36 62 46
253 258 16 262
122 12 133 42
117 1 118 56
25 259 16 17
23 8 1 9
11 15 27 45
136 87 139 143
15 110 4 118
14 35 36 67
68 11 35 17
14 26 17 15
11 8 24 21
134 50 87 137
143 19 144 24
190 33 245 246
246 247 7 9
262 55 66 268
6 12 8 1
13 37 78 4
17 144 23 33
25 195 245 34
75 17 59 18
39 141 144 6
149 150 165 22
17 4 20 43
31 43 26 12
16 250 45 253
79 60 110 114
5 1 20 8
250 253 20 24
58 132 54 143
30 13 29 35
73 5 21 38
39 246 6 12
24 19 32 26
41 58 46 69
195 245 23 25
83 41 24 37
15 24 147 3
76 17 46 18
23 44 49 26
79 110 33 117
23 139 143 19
60 133 143 58
62 88 89 22
27 50 31 33
9 88 10 43
36 44 51 47
37 9 80 19
191 246 13 252
24 255 43 50
2 66 73 8
8 9 26 49
83 28 52 35
253 25 257 259
247 72 84 253
139 3 143 144
62 259 55 60
11 1 5 17
71 78 1 79
24 247 61 248
19 7 35 27
250 50 253 36
199 245 34 39
93 249 20 253
9 100 10 72
44 78 79 50
59 62 135 53
30 60 26 49
50 253 29 259
42 143 1 28
139 143 162 7
253 60 66 255
73 13 49 17
170 22 191 246
47 65 83 253
22 11 26 27
1 24 51 18
10 9 16 13
13 45 14 71
37 19 43 44
132 28 69 72
110 12 61 113
1 26 30 9
4 33 39 5
1 23 8 39
49 52 3 63
22 38 101 9
3 16 117 118
179 15 180 187
20 19 51 81
29 114 55 117
12 255 29 256
36 45 61 17
20 26 4 81
69 34 78 16
7 247 22 252
64 113 50 117
59 26 55 27
23 245 14 73
9 88 10 43
42 8 9 52
250 253 23 26
8 1 9 75
191 218 34 245
32 49 17 5
31 38 35 36
110 113 1 9
10 60 89 13
73 78 51 79
9 29 10 7
20 111 112 22
213 245 32 39
26 3 40 27
50 118 81 132
150 195 197 246
31 36 17 22
87 74 15 5
51 14 52 87
12 31 8 2
37 80 144 42
48 14 17 18
18 30 5 58
191 193 218 245
56 66 22 23
55 56 133 139
117 2 118 121
3 139 16 143
36 95 38 19
143 144 145 7
5 8 6 9
253 21 261 43
197 245 250 253
245 45 59 250
44 49 27 61
10 33 14 44
79 45 113 12
38 10 25 32
245 38 45 74
39 109 91 110
22 28 58 70
109 65 111 20
145 13 85 146
83 50 35 36
33 57 29 113
77 78 4 10
45 111 7 112
16 9 78 32
20 55 17 12
144 147 149 150
45 110 118 31
162 22 246 46
13 36 61 17
14 29 32 17
5 7 43 8
52 61 5 9
281 23 45 309
19 143 57 144
30 38 144 6
110 14 113 1
184 185 189 190
45 255 56 69
133 59 62 135
145 147 34 149
23 17 2 24
245 23 26 248
209 245 32 246
47 68 97 69
1 9 24 40
17 15 22 28
87 8 19 44
135 33 143 27
195 213 245 13
253 26 34 255
209 245 25 32
45 14 6 9
65 72 253 14
139 29 143 6
245 246 23 253
246 247 7 9
132 45 139 42
143 146 15 24
38 70 117 133
74 17 25 75
12 48 8 3
16 143 144 78
143 7 73 144
2 150 167 18
26 15 37 20
35 47 15 30
94 20 81 23
65 144 171 14
143 3 35 144
60 69 9 31
143 47 65 146
113 114 1 7
48 17 18 37
31 23 42 35
3 14 58 63
9 52 10 64
2 40 57 8
2 35 68 8
86 247 72 256
8 10 9 76
66 13 14 35
2 67 75 8
17 1 28 45
38 189 30 190
50 9 49 104
110 117 118 139
42 45 8 34
68 257 45 50
103 26 88 56
23 13 32 47
27 31 250 35
2 8 30 49
42 120 11 132
48 52 246 8
46 141 143 18
30 60 141 31
132 79 139 21
28 50 59 24
16 79 113 117
195 18 209 246
19 250 253 16
2 15 55 8
28 124 41 51
117 119 120 133
253 33 254 24
8 17 62 9
8 48 10 47
191 245 24 248
28 37 60 35
12 9 38 10
253 19 254 22
52 141 51 143
11 9 35 10
117 3 118 15
16 37 56 77
17 13 23 74
150 245 246 15
43 246 253 254
118 132 71 133
21 32 68 80
50 65 72 17
7 12 253 34
25 78 101 62
78 6 79 84
143 12 144 33
5 37 113 48
141 43 52 143
5 18 22 8
19 41 45 8
27 38 8 10
35 144 39 245
105 14 17 19
44 49 27 61
88 149 74 245
143 9 144 50
13 37 44 1
16 40 253 38
36 40 39 48
17 1 18 70
17 21 29 35
60 113 5 117
26 4 27 35
6 22 23 36
11 47 58 15
118 121 32 44
198 246 33 70
2 66 73 8
49 69 37 45
42 246 5 11
71 53 110 45
143 38 144 49
11 86 13 2
18 49 89 19
39 246 11 253
50 35 36 58
17 25 19 68
132 45 47 136
78 23 79 110
28 143 21 144
66 189 246 7
143 19 144 24
82 87 38 65
31 35 22 44
60 246 253 258
60 245 29 49
6 117 7 118
62 247 253 48
27 61 39 44
84 10 22 42
67 117 118 81
77 99 263 32
94 35 39 108
8 23 29 9
15 12 19 17
29 72 31 19
20 21 189 190
27 41 44 67
6 28 13 40
144 195 10 55
247 59 61 253
118 136 33 139
117 1 118 121
19 17 12 22
36 54 70 29
78 67 110 118
56 195 246 23
28 51 8 7
8 39 9 79
102 44 57 45
62 68 257 83
19 33 81 139
180 34 210 211
150 10 184 8
14 18 64 39
7 38 70 58
28 139 143 146
9 118 10 74
164 165 41 85
120 253 60 91
28 26 27 115
133 19 33 81
117 44 127 34
80 17 11 19
25 47 74 24
91 10 13 75
23 4 26 5
132 133 5 29
4 6 36 8
60 132 4 6
20 56 66 22
117 118 120 121
35 23 53 114
28 19 44 57
56 118 133 92
16 253 60 63
10 34 46 9
44 79 110 32
34 37 4 53
110 15 42 117
32 4 35 65
117 118 52 124
