1327 1283 15 10544 8 125 10 1350
22 2123 8 10
46 121 3279 31 121 684
106 6336 570 1987
3742 46 10 2425 127
3554 10 397 46
311 102 127 290 55
46 7222 38 10
279 31 10 3 23 127 31 10
267 3689 2228 123 52 46 10
3259 1277 121 1069 129 2663
669 278 4104 55 125 4388 43
1972 15 61 3972 20
10 406 24 1128 4590 384 22 41
392 24 3280 668 22 669 108 59
783 2612 1842 38 427 1630
38 786 440 2605 456 6510
46 392 3609 457 61 2799 31 1878
267 78 3095 43 61
732 31 1707 323
6243 22 6244 1675 150 121
3287 78 3097 2752 31 10
356 411 10 406
55 61 4274 31 8 10
442 446 121 12756 1420 296 78
102 1283 1151 10 823 46 392
129 121 2600 61 5299
8 281 31 121 3172 10009 3320
15 22 10 1134 46 1534 62
4582 751 168 62 669 1549 106
4 1825 323 10
392 46 178 183 23 267 234
1409 46 8424 10 2099 46
738 3303 6102 384 31 267 3087 656
1475 22 2373 620 38
150 384 3110 668 10 1012
62 208 5489 384
6144 46 2791 11949 31 8577 4057
10 2810 46 392
656 668 2313
5774 31 3430 2958 3701 31
55 8827 8780 31 7352 8177
532 111 732 10 2579
356 691 22 387
261 644 489 78 206 55 10
5399 38 10 1826
356 2602 104 2749 41 51
1548 10 82 2175 669 456 59 1501
327 10 410 2398 46 10
62 59 642 10 2540
41 61 429
6257 46 10 406 2029 50 10
962 46 10 179 46 3657 473 8
356 738 267 327 150 125 4385
2123 116 111 46
2784 31 10 4363 456
162 22 23 102
31 8409 472 46
10 12743 46 10 2339 46 318
3347 319 356 2017 209 46 10
5846 55 61 1012 1063 33
356 738 14 456
10 1189 46 121
10 2761 46 392 31 3956
570 16 10 13676
10 11451 11477 4 3161 7066 608 10
2590 46 10 1069
581 2524 669 4305 748 106 661 129
4335 10 2099 46 4078 46
59 1549 121 197
368 46 10
3296 446 267 2992 267 2563 111
1013 581 1024 14 445 748 8 1702
356 3241 22 669 278
190 408 669
427 2540 5657 805 127
4582 3028 403 104
846 8 15 822 55
1034 43 384 328 22 41 46
2705 1338 805 267 2679 2706 2711 1232
1232 31 2721 1233
7762 5294 31 178 3949 3948 31 1739
1916 62 669 7732 10
356 738 267 719 3155
738 398 387 543 38
738 10 365 234 1515 8 15 38
24 72 14 246 10
110 502 46 125 591 46
384 564 456 102 58 22
456 64 4541 1218 113 456 3046
31 15 457 10 11804 38 10 3079
46 3637 10 2907 46
46 10 11587 356 751 10
1081 2660 150 668 129 10
10 493 46 10 406 669
411 172 3 23 4897 111
10 406 234 14
269 2062 566 13370 2098
4034 31 4029 3632 3750 22 2123 116
10 475 31 10 3930 456 15
178 1173 31 218 22 246 43 125
6479 877 6086 783
127 59 2766 31 46 2742
23 24 10 613 352 43
31 872 384 38 3998 55 12721 2624
2582 2637 31 261 61
41 59 1098
2665 31 1585 10126
31 267 456 716
2291 841 61 2579
1111 31 669 1123 656 748
121 4062 1191 10 4062 46 10 649
406 8 4838 384 8
1585 392 63 125 457 61
4887 31 4886 8 1036 4888
10417 302 31 5979
4650 123 554 31 719 3175 41 106
10 3067 661 46
406 1070 150 554 319 356
456 2373 114 8 384 22
22 783 2607 61 4153 38 1090
738 218 22 267
113 590 22 113 246 2446
46 121 392 188
663 1010 23 41 1610
356 77 1272 327
16 8286 31 3740
456 15 933 38
900 10 658 1063
668 129 10 1173 46
2467 323 2213 31
46 121 1854 446 267
10 10264 22 127
1069 8 621 10 403 46 398 129
150 10 406 356
799 38 10 2122
10 3 23 267 5787 78 121
8944 43 10 3503 880
1452 8 15 121
113 4 4146 543 150
183 387 1027 885 31 127
3318 456 15 61 1656 1034 55
10 929 46 392 906
374 2523 669 62 3414 31 716 11818
356 545 387 3657 4436 111 10
661 1663 3102 456 716 556 46 64
46 1037 456 15
449 2514 46 10 7543 41
267 2606 1452
783 3017 59 74
748 3599 1663
116 3111 1173 150 125 319 669
1534 1186 116 31 10 406
1838 38 10 661 46 10 4268
10 179 46 374 2786 46 10
10 419 46 7591 7590 31 7592 31
46 10 2531 456
567 222 46 1844
10 3814 46 10
5904 31 9621 31 6164
267 22 555 966 61 2846 38 36
218 10 1069 771 1673
33 267 456 59 15
896 880 31 113 456
738 7007 10 2099 46
15 643 72 61
305 10 2115 33 10 955 880
31 669 62 63
222 248 688 22 267
356 356 738 1037 78
8 384 31 218 121 2988 3488
14 278 61 1551 3259
1420 121 2628 1295 2847 31 4246
2700 2775 31 38
1012 1063 31 10 256 46
38 178 396 215 608 10
656 10 406 2739
78 372 34 427 1762
10 1069 31 10 4743 31
663 719 150 384 5069
805 384 78 6951
278 5 12 55 668 8 4
59 1548 38 8 505 446 10 1033
23 1548 354 608 758 127 1796 38
46 10 3104 31 4690 46
427 1173 129 427 1111
10 926 31 22 449
142 46 10 1069
1662 4755 8 10 4062
2803 456 59 965
718 46 10 4280 43 178
61 91 1098 125 22 108
356 320 805 106
1083 10 11502 31 2250 10 11503 31
10 2677 456 15
4584 3952 46 10 3563 55 61
506 356 5539 22 246
419 46 3636 23 1042 271 150
668 31 50 669 15 2764 34
46 392 278 719 186 1070 446
427 3628 31 669 62 257 14
4714 3032 129 656
8 61 13684 736 8 58 172
3836 23 78 16
1233 72 10 1233 46 243 9974
8 10 406 31
31 10 10115 46
405 46 392 78 2589 38 318 31
46 392 38 665
669 4 1128 748
5362 10 4808 356
55 669 2473 754
41 6392 31 10330 384 22
10 3011 31 716 1438
46 10 5060 46
446 10 365 46
830 29 105 62 267 5158
4776 4777 55
257 10 105 13741 3703 8
267 22 1029 121 1475 38 668 456
2850 8 57 323 1090
59 38 10 1034
663 1010 43 218 2162
127 154 6392 33 267 10070
10672 31 10125 125
668 129 10 334 46 125
2465 188 10 5475 31 10127
55 2047 46 3008 3548 356 1916 8543
11021 31 10 2047 46 10 406
392 46 374 388 61
31 504 267 278 1267
22 1010 41 7515 2099
783 565 150 668
384 188 3669 1212 2632 38 3210
72 267 41 1442 473 8
805 10 12728 46 222 805 10 917
3120 22 669 2473
46 998 1707 10 5388 46 10
8 570 1098 218
1698 51 15 2495
384 323 10 1134 1807 267 5575
46 374 319 341 61
46 6340 31 8 872 1452 966
2747 46 944 43
72 267 78 581 2185 322 121 1111
2782 23 4 4650 123 668 356
129 10 472 46 5458 473 8 427
3272 111 46 3475 31
836 43 748 46 427
738 1548 1458 748 8 125 46 10
10 408 46
127 2373 1290 1080 485 31 22
10 406 153 3275 150
719 392 24 234 668 8 3227
61 4751 46 178 315 41
31 14 456 15 2606
3580 31 427 1517 31 786
31 10 5141 31 10
3175 10 179 46 374 456 2565 10
5060 46 10 179
10 179 46 374 2563 267 10 3187
10 1049 31 1024 322 560 8086 55
2099 46 5681 10 2099 46 8802 10
8 218 374 31 1534 31 1621
10 292 46 10
188 10 1727 880 31 456 1161 104
356 738 10 4914 46 1037
3192 2679 1037 31 1037 2679
2992 59 129 218 10
660 311 669 6529 125 31 2563 125
150 4415 69 41
1128 188 4919 46 3210
46 10 3255 278 7446 10
841 1585 1111 31 841 1585
3030 61 2089
179 46 11446 31
278 154 178 2077
384 46 178 396 1465 31 46 64
46 10 1134 46
46 10 2764 41 325
61 2307 20 38 52 1151 22
267 22 647 2565 121
31 218 10 3503 46 6006 23
8 1546 243 2810
22 113 108 59 1548 43
55 10 5331 46 4078 473 8
10 2640 46 10 3998
218 22 1548 61 5119 805 384
356 5443 178 1111
31 669 38 748
4628 31 6326 388 150
220 91 23 278 5335 255 256
46 10 543 22 669
3600 3997 13864 8476
10 6946 78 2733
669 2473 581 1112 8 15 2445
926 31 188 218 10
8 4746 9362 31
408 41 591 46 4420
2650 16 10 352 23
10 183 46
62 267 59 311 1913
78 7514 365 8549
4 1389 61 3232 8 15
356 2387 24 328 1096 55
31 10 493 46 121 2677 78
356 1916 669 1354 31 3033
246 1277 178 3014
505 748 31 102
64 46 125 22 127 3807 31 5660
31 2524 10 758
315 31 22 61 2735
1173 46 10 6284 456 1449 2498
46 10 944 38 318 78 2589
456 754 1068 31 121 919 456
411 113 22 62
34 64 91 16
46 6557 356 738
1727 55 178 1503 10 4470 1096 55
31 404 3037 1277 6589 31 1098
150 10 179 46 4335
31 4 1437 121 1437
10 364 38 10
210 63 240 578 192 20 2046 240
281 150 748 31 114
2998 2123 111 123 570 31 6102
46 10 1595 456 281
1172 656 10 406 8492 10 406
10 1077 46 91 456
1151 46 121 2468
33 78 38 22 1034 1807
371 456 2373 5274 2448 43
127 696 22 246 697
10 1034 22 78 54
78 9252 10 9253
2562 31 10 921 880 78
150 10 12788 46
8893 31 8894 31 8895 31 4204
8 121 3264 10 11557 5241 328 456
8 621 1585 1327 31
111 1585 3598 188 125
406 1070 150 554 38 10
8418 2657 38 1534
61 91 188 10 4062 46
296 10 406 327
78 181 1098 125 3430 46 125
31 10 2641 2046 384
204 102 5093 105
10 929 58 13737 10
59 22 3619 278 3667 125
356 217 2373 4 1848 668 31 3064
1196 1663 1409 31
2749 2695 31 55
108 15 567 38 560 396 13770 22
581 8 2489 38
46 10 1134 46
841 10 662 43 218
738 446 113 317 22 113 2774
4103 31 2563 651
4881 78 2714 2752 9287 8 10 1551
46 10 406 23
418 322 1585 877 55 10
2559 121 493 38
4876 46 10 2747
10 3095 360 46 3298
356 738 46 3659 267 719 2855
2419 4 279 218 22 10 406
3017 783 1994 668 371 34 317 669
1517 55 61 3293
669 62 5137 757
384 22 3585 31 10 1134 78 2745
22 2373 4 279 31 2373 456
649 46 10 926
46 10 4609 31 46 10 12446 1212
4 2373 1835 22 23
267 24 359 668 8 1546 384
10 197 78 59 1483 8 63 207
8 6108 16 1838
1229 246 2734 38 10 926
1534 31 815 16 10 1173 46
10 1099 356 1 1069 23
41 337 643 322 10 926 41
10 3397 31 1911
3037 22 127
172 2873 52 3252 1442 8
2013 8 7592 31 1123 14 16 10
738 113 3585 111 218 305 237
5060 46 4078 6879 43 1452 5469 31
91 93 302 8 15
72 783 2568 60
4056 14016 8370 305 707 12 4848 8
6222 118 427 5416 2811
2599 6461 356 1326 5446 2778
4239 616 43 10 1069 78
61 2756 31 10 2753
2661 113 208 246
719 150 384 1553 58 10 11354 46
1040 46 10
571 197 656 702 8 717 14
6692 31 6693 31
374 8 3126 2523 669 62 5170
1090 1987 662
8 15 4072 38
384 31 783 2568 532 38 10
954 31 8 702
3180 121 428 31 719 2668 428
78 188 384 31 43 121 6351
46 374 246 38 178
2373 2774 2373 3795 1585 408 31
241 31 671 14 150 10 4239 10
719 150 121 1503 564 41
2473 10 406 45 46 218 10
168 22 113 1186 111 129 566
72 10 2122 46 8332 16 10
114 46 384 22 11507 14
31 10 315 46
22 16 5559 46 121 2761
1069 31 55 1585 4440 374
114 113 10 425 426 46 427 428
2448 150 392 72
9570 38 10 8217 22 41
356 1916 719 121 2697
31 7299 38 121
10 2764 8 1548 4823
31 3989 31
1585 1327 31 418 116 1585
10 2647 880 72 10 2647 41 1430
168 246 10 1409 46 178 9848 9445
31 121 1503 15 281 8 3789
3119 269 31 2272
78 3640 2345 554 328 78 3970
178 649 267 2563 31 3068
406 392 46
278 367 10 6149 129 1191 31
14 59 33 2565 14 1773 1230 121
46 218 656 783 3165 31
113 583 59 505
31 46 10 4882
234 384 2454 16 10 3170 46 121
406 46 4582 341 14 15 9129
3461 384 31 129 12596 356
7048 121 2907 3270 31 2670
880 43 10
267 590 22 267 78 61 461
4239 31 10 4470 43
392 43 218 427
879 38 10 2794 661
1134 46 121 1609 10
456 4619 10 82
504 102 278 544 150 10
10 3936 31 10
22 4663 1585 197 31 10083 841 384
570 43 3954 31 3389 656
748 41 2735 267 62 373 267 62
31 72 9452 278 772 150
31 328 38 10 5333 46 178 183
4341 4338 11280 12002 2478 356 320
880 388 121 881 41
10 407 46 218
356 2661 783 2922 323 427 4749
2786 72 8434 31 2976 31
1080 4290 3293 127
356 3433 1505 794
1916 719 113 150 384
10130 168 61 7597 10880 8 121
356 3758 22 661 387
22 267 278 31
311 2707 222 8 421 188
55 178 2549 31 55 178 2379
31 1069 72 10
38 10 661 22
1548 31 1994 384 121 226 1982 748
179 127 1585 179
2373 11575 668 31
62 63 748 205
59 31 2762 1807 669
2735 91 338 113 456 10909
38 125 20 698 8 699 125
877 296 2373 456 1027 371
323 10 1330 122 33
772 22 3180 278 890 419
356 2605 1080 485
1615 473 8 178 4471
2099 46 5667 186 78
14 78 38 121 4099
668 388 72 669
118 3359 10 2165 2516
356 738 669 50 669 15
2467 14 456 15 5188 13 14 15
3028 14 796 55 61 91 8 872
15 5418 8 121
4051 449 2677 31 12771 1100 31
15 1673 524 129
456 2989 1264 8 10
113 2725 59 38 1585
738 554 16 10 4168 46
125 129 10 157
10 110 72 10 4608 41 8 1128
10 85 661 150 10 406
218 7742 46 2735
31 61 12606 4951 1277
31 3689 125 669 62 2989 570 8
267 456 3139 10 39 43
2773 661 10 1173 46 10 406 78
4812 46 52 444 22 41
748 4854 46 1039 31
51 127 232 23
72 305 10 126
2099 46 3901 31
2679 12589 31 12589 2679 12590 31 12590
3372 384 246
6439 116 10 951 55 748
10 6400 3595 786 680 456 3821
11354 31 10 1009 1277
197 46 10 406 16 10 1040
2847 2468 841 384 356 13573
397 998 783 3350 218 10 1409
10 197 46 10 406 150 668 319
12400 31 218 10 3741 38 4288 31
356 738 10 365 719 150 384
2123 1074 8 10 3122 46
52 846 1024 125 1549 14 524
647 14169 1585
3467 31 2373 456
2467 31 59 15
2807 8 581 2373 22
278 59 593 150
427 703 1987 406 31
738 7754 31 121 419 5005 384 31
1585 3450 1098 125 31 55 1585 6319
178 12668 78 72 10 12668 46
31 1649 121 2121 31
43 668 16 3736
374 356 738 114 202 327
738 10 85 661 12852
3857 31 337 2741 218 22 113
2063 3034 16 5802 841
1585 183 4 893 1300 31
256 669 4 643
615 2468 2749 31
7413 46 427 1069 374 8 2470
10677 10 926 41 1255
4681 46 14 78
46 427 2512 31 10 878 46 427
41 3997 1657 111
31 3841 10 1972 46 3842
154 272 121 1069 43 953
2764 41 105 537
192 38 7214 123 381
504 267 2200 59
24 565 121 4398 31 10
9411 8 281 150 570 33 78 1024
783 2568 505
738 446 51 78 243 9882
406 31 719 4089 2185 8
1702 125 22 2814
15 1430 966 129 524
246 4628 31 6326 388 150 10 5124
46 10 5184 1081
2313 305 10 5124
10285 46 244 127 1266 31
356 3028 59 1585 197 457 72 61
668 31 2373 456 1548 31 1056
10 2964 46 3789
356 738 51 78 104
10 269 2810 1813 10 2485 1544 2644
2198 311 102 62
783 7009 43
356 1698 3306 31 942 3294 668
319 3174 3279 841 668 1987
46 877 31 1027 31 2633 55 79
7702 61 2735 91 46 6487 31
275 38 10 926 31 8 373 560
172 22 2123 322 2559 10 1595
1350 8 125 78 8961
356 738 719 150 125 2807 2373 328
8520 356 751 218
1551 46 815 31 1544
387 22 23 78 543
2549 72 14 246 6326 8 224
59 1994 748 22 267 92 5652 104
1716 31 1717 328 50 18 15 1718
1108 188 668 325 3435 59
55 267 62 2427 10
1010 41 59 2774 323 10 1033 822
38 3740 305 6054 38 10 408
2523 581 669 4
5356 31 1098 10
72 267 22 647
178 1826 113 456 5008 192 43 3954
150 384 40 41 772
31 106 877 41
446 51 78
2921 456 1548 841 8
1196 31 7311 384 59 191 31
384 456 15 10 5060
365 234 8665 61 269 91 31 271
10 662 719 150 384 3045 31 1548
43 10 2764 10 2677
450 10098 31 566 121 407 267 456
5439 12246 669 2159
456 1548 111 150 10 2810 22 41
356 738 10 2700
2419 456 208 872 1980
1548 656 570 31 10 392 46
22 4439 12 3624 46
374 2807 31 103 8 8278 365
10 406 278 593 384
278 54 1294 267 719 150
1948 1452 129 153
41 38 10 39 1080
3191 669 1548 31 2816 204
8 2467 323 3141 208
2568 532 10 4470 656 10 406
921 55 10 1134 46
8 421 5731 31
8 9577 9551 4293 20 616 188 125
446 267 78 305 10 1034 267 719
805 113 2123 111 46
267 2673 38 10 3079
305 22 256 31 10 3255 46
61 240 881 2644 150 10 406 805
127 457 10 3366 46
3203 121 1213 43
234 125 3669 38 10 1081
1911 566 10 410 318 356 518
31 6520 841 10 3001
407 150 10 406 31 4049 121
10 406 31 3525 668
46 5340 150 384
10 2907 38 374 502 91 31 2514
3136 783 7607 22
2467 10 662 24 671 668
356 738 8455 719 150 125 3443
2514 46 10 2531
702 621 771 296 267
31 4981 116 10 3187 38
440 46 61 2987 33 10 4402
2764 31 300 162 267 31 2657
384 860 783 12
738 61 1664 2794
4516 3068 4051 218
661 61 91 456 1825
43 10 9160 46
63 756 46 427 493
4309 46 318 1191
392 160 1097 2559 91
267 7720 524 10 2514 323
114 8 384 22 2535 14
406 2992 129 3901 31 243
9320 31 10
46 4659 31
411 1024 384 1509 38 485 1527
33 8 1027 43 12732
475 43 61 2835
371 387 267 1601
10 1972 46 5521
1338 805 267 2679 2675 2711 1232 1233
38 243 5203 5204 1649 5310 921
2794 456 15 1033 150 10 406
31 154 668 323
621 2373 10 2077 46
319 356 2855 15 10 406
356 738 113 456 6191
10 2811 234 16 1838 46
758 1232 31 2721 31 225 896 61
208 669 4 279 427 157 72 245
8012 2679 7751 31 7751 2679 8823 356
46 560 1828 841 10 4675
55 296 3 5324 267
10 5556 31 10 5388 46 10
1024 384 15 560 2854
178 2874 16 10 1134 46
61 91 46 10
10 1081 3825 10 6075 1063 121 440
356 351 61 6389 91 186 609
2975 319 2619 427 2494 4
356 967 127 427 222
41 61 901 46
805 1010 1171 1172 38 1173 43 61
328 2725 232 256 446 2373 1338
2847 2468 841 384
31 489 5 2023 1277
656 748 1987 662 31 456
14 456 15 2837 31 1128
663 278 544 150 384
122 123 10 124 46
356 5443 172 3 22
3951 55 1585 7575
125 31 8258 178 1213
121 1233 15 693
319 2387 2123 388
150 10 2385 23
738 10 2581 46 3901 31 7197 121
10 1077 1017 267 15 3242 31 2373
114 150 11831 1987 783
998 10 406 278 1825 111
3006 10 1034 1807 3901 418
3237 384 805 106 1360 319 442
31 669 62 15 5219 327 10 406
3262 46 3111 1173
14 72 61 1735 8
113 22 2498 1649 125 63 125
4140 319 974 180 41 10 2595 874
669 4772 125 326
121 3382 3985 10 5380 123 384 31
716 6415 770 31
61 5461 15 59 2373 10 1111 46
46 222 190 4286 127 7418 31
102 62 2313 1773 38
656 10 4871 46
5224 150 121 493 3359 10 406
31 2568 63 188 14 61 1735 46
738 446 113 246
55 384 43 10 3130 46 10
1673 2448 118 63 52 5398
31 22 267 1283 709 560 1441
783 406 2603 1098 106
2566 532 125
79 31 6156 702 168 255
13911 307 805 22 5710 311 3487 46
72 3141 31
1290 302 51 59
2746 55 61 2677 23 24
106 8665 2049 102
10 1173 46 384 22 24
10 1151 46 10 662 5628
719 150 125 564 62 2373 257 668
3111 3306 31 6338
738 46 5920 10 5388
60 52 2067 123 106
46 10 1173 46 10
10 406 427 392 783
3965 446 2582 261
61 3979 46 384 55
2240 4951 46 10
1232 2702 222 23 3460 188 3014 31
356 1 2481 3258 668 1277
46 10 368 346 2123 8 2572
46 8520 31 8543 10
10 11159 2373 619
10 1134 46 1585 392
1069 456 15 46
246 188 10 3263 1277 757 3318 222
748 3166 669 74 59 31 168 446
52 678 129 1098 125 267
16 10 82 46
46 846 31 3820 31 7429 31 4121
1515 4847 46 61
46 10 6287
1134 46 392 23 41 305
102 58 8 10 2747 46 10
2999 31 22 246 38
41 104 3141 43 10
447 4228 55 178
61 12528 31 12529 46
10 5574 46 7658 106 24 5 7523
392 356 1698 702 731
10 1040 46 218 121
456 3352 61 1544 2644 150
5385 43 570 456 15 150 570
3175 245 669 1283
3926 456 2687 38 10 408
738 267 719 150 1452 564 943 41
244 31 2782 218 22 246 1442 8
129 656 748 31
736 356 738 22 2373
822 38 10 3079 38 61 3062 408
59 6185 371 844 267 390 129 10
31 1420 10 3162
1972 46 1585 1069 356 3241
1585 2293 31 58
3617 23 267 278
1449 59 3141 31 2571
61 2702 91 11694 61 3422 168
3031 783 257 668 3120 669 1548 3121
10 3291 22 41 2831 669 257 14
4470 204 3037 43
1 406 160
543 31 154 14 188 702
663 719 150 1452 669
10 134 661 46 10
368 4239 31 150 10 1113 31
12 22 113 15
4 2373 1825 111 129 178
8 381 8 3048 8 994 10
10 3230 15 375 1012 55 10 3361
121 8323 31 3598
757 20 758 765 46 10 766 767
22 971 15 9921 1024 104
4 3310 121 1134 8 15
61 397 31 1548
3090 311 113 590 22 10 10154 78
121 2659 397 22 267 3969 14
43 10 682
716 2373 10 2549 46 10 222 560
328 1739 278 829 947 46
1594 10 4743 46
893 325 33 16 449 197 22 3448
322 22 10 2784 1283 10136 322 305
4908 4905 234 267
669 3068 449 2907 38 10 408 46
46 10 7193 31 3199
31 9096 31 8859 31 5681 31
656 10 406 55 178
10 2854 46 663
178 1938 31 473 8
4 5 2700 16
1528 783 10214 668 8 4068 188 14
31 218 374 456 621
1534 31 10 269 5487
1548 116 43
10 2422 34 191
61 9921 82 113 1154
150 668 3045 1548 272 323
257 668 61 91 22
31 8 621 1327
46 6519 10 2099
61 3362 111
1090 8 3005 51 55 10 3004
1 1211 23 11839 46 499 446
10 4675 1409 10
5848 46 121 3558 8 57
669 74 560 2070 4840 31
31 154 191 10 2709 1864
384 7997 59 783 1585 3226
702 805 178 396 517 33 267
678 456 716 4568 31 4569
10 3626 46 10 1663 5070
20 2452 8 2453 61 269
841 2858 31 1098 125 22
323 10 1173 46 427
1842 155 8 361 31 10 222 46
129 10 2965 46 10 2784
6304 46 1452 504 783
570 61 1040 31
150 384 31 1813
7297 356 1916 783 9981
10 406 24 367 319 3443 150
192 8 10 406 8 1161 384
31 10 179 46
356 356 738 2524 890 4414 222 6314
113 3221 14 31 1002
22 246 3044 46 125
328 10 1134 46 1534 4 5005
38 10 3677 22 113 1283 3680 1098
41 72 10985 38
31 10 493 46 2983 397
22 267 1283 921 14
127 3090 46 10
338 46 570 456 2836 668 1098 10
256 669 2473 1112 8
2623 10766 786 1173 31
5172 43 5291
356 900 22 661
8 3901 356 691 3272
356 411 446 663 590 14 267 9746
1143 46 392 43
2373 4 234 10 440 46 10 2764
457 10 3255 46 61 365 31 7578
246 2733 31 757 3318
10 3312 33 267 4663
188 10 4675
356 1916 2123 10 1009
245 669 1621 150 570 669 387 14
111 8 731 921
22 10 406 78
4096 384 22 267 92 281 322 31
50 106 15 59
373 10 1289 1634 22 281
406 22 669 108 58
13132 8243 33 669 1548
4227 1696 111 121 2646 38 10 661
1624 72 55 64
669 31 267 102 3605 2223 91 473
10041 10 2468 46 10 222 46 506
31 402 78 593 384
218 1213 31 560
2568 1548 322 656 668 8 6217
46 952 129 10 934 46
59 38 1139 33 102 4 5 2961
4078 2793 113 278 337 2786
560 440 31 15 104 105 5080
406 2825 23 154 116 31 23
31 3178 3318 636 222 23
1196 356 217 91 41
24 2535 61 4472 20
46 1397 3921 46 4926 841 502
14112 3320 10 5660 197 72
427 3986 31 786 5352 841
91 38 106 877 218 10 1409 46
1698 14 1227 748 103
669 62 1509 748 61 444
22 669 2473 10
218 10 876 22 246 38
29 7169 72 7658 55 121
1452 1173 8 10 1752 608 2582
3110 702 661 16
442 10 365 46 374 31 7747
2875 31 129 2933 31 129 2891
102 826 10 1047
10 5840 31 38 218 10 2437
116 188 10 1828 113 456 57
31 805 757 1409 3250
245 267 4 232
719 150 125 22
668 2704 222 46 10
3439 2099 317 46 178
197 123 10 1077
10 958 387 669 2297 116
621 10 10244 22 5580 8
305 10 4625 46 10
218 10 7461 222 150 815
449 9450 31 8 10 4230 46 449
1018 125 966 31 4 59 3322 125
3007 2614 10 982 3102 127 59 72
281 8 10 1034
3198 38 10
111 46 10 64 2063 880 31 757
78 669 1695 43 106 2765 31
55 10 39 31 10 776
46 10 4119 46 10
61 3318 3318 31 757 1232 4323
678 8 5274 192
2699 10 197 46 10 406
61 5024 2644 656 10 406
38 318 31 22 127 38
1096 8 1546 748 243 1134
669 4 10544 8 570 10 1143 46
31 8 467 31 8 1635 31 681
4230 716 2077 155
218 2373 1069 257 995 218 2373 1118
31 15 59 6423 305
106 4008 473 8 10 256 46
1134 46 178 5356 31 1098 10
1707 663 129 6872
411 267 1153 72 64 22 3271 150
406 38 10 4871 46
2373 311 22 669 456 58
3803 46 668 644 783 3031
1734 111 46 10
55 669 58 589 172
218 1360 46 543 123 570
318 998 113 4 3469 31 998 113
841 10 1034 46 10
719 267 3620 669 281 8 58 427
10 4414 91 16 10 1173 31 132
10 655 22 281 150
46 374 656 178 5356 31 669 62
662 663 1010 15
129 12596 989 10 1503 31 719 977
127 54 4 669 1842 218 10 926
22 14 108 59
1409 46 10 2379 22 507 374 118
5236 22 2582 1283 2504
846 8078 188 10
150 14502 31 150
55 10 12825 2624 998 267
5060 46 3099 5678 10
738 669 1420 1218
356 411 8216 3797
46 3475 2992 43 10 5811
504 121 11973 4235 59
1585 1040 50 669 2423 59 815 1191
10 5024 1526 31 72 10 799
10 1544 2811 8 930 55 10
1585 1295 31 1585
356 356 2699 106 1987 2373 22 5741
748 224 213 59 5440
150 384 414 62
113 2123 116 43
10 11159 191 2992 8
55 543 31 8 1673 524 218
444 46 3101 2720 3014 423 31 2123
356 738 421 2373
255 456 10 4841
125 16 2834 118 16 352 118
669 4396 14122 31 4396 14123 22 113
2644 15 46 10 1041 595
38 61 1004 408
10 408 31 8 10 4239 319 2661
1058 118 52 22
113 3585 150 10 406
668 46 560
267 1911 10 352 281 188 10
456 370 305 815 31 10 1697
6832 43 1452 5469
246 179 46 7794 608 179
719 150 384 2436 2374 31 1548 323
4927 1551 356 738 129 1191 10 3247
6629 8 392 22
669 328 62 2989
683 108 15 1446 38 10 1295 122
893 55 178 2540
2425 456 15 188 384
46 7549 31 656
2373 121 1111 31 2373 22
872 38 121 396 402
5004 31 890 2794 5312 55 61 3130
1112 55 10 641
