47969 48679 48699
18603 18779 20803 20807 32197
34905 47687 47945 47949 47953
12819 18775 47253 47277 48667 48707
12743 12763 12771 12787 32201
12367 12395 12403 12547 47695
12743 12763 12875 12879
10845 10869 10877
12407 12411 12559 34909 48663 48671
35149 35153 35157
12479 12523 12527 12531
12691 12695 12703 12795 12799 12803 12807
10315 12431 12621
12347 12483 12487 12547 12551 12555
12747 12759 12771 12775
12355 12783 12895
18427 18543 18611 18775 18855 18863
12819 12831 12875 34893
12555 12627 12683 12687 12691 12695
12847 12851 12883
12703 12819 12827
12903 18583 34885
12687 12691 12695 12739
33429 33433 33437 33445
12575 12647 12651 12655
12679 12695 12703 12715
12347 12351 12355 12371
12663 12779 12895 48707
12335 12483 12631 12667 12883 18535 18683 18787
34917 34921 35169 47253 47277
32201 32209 33437 33441
10877 12559 12663
12819 34889 34901
18655 18659 18663 18671 18675
12359 12547 12551 12555 12559 12563 12567
12551 18683 34925
12683 12691 12695 32205 32209 32213
33469 34885 34889 34921
12479 12621 12627 12691 12695 12743 12763
10315 10339 12483
47687 47695 47945 47973
12479 12643 12683 12687 12691 12703
12739 12743 12775 12827 12855 12871 12879 12895
12343 12351 12355
12595 35153 35165 35169
12795 12799 12803 12807 12823 12827 12831 12835
32201 33449 33457 33465
12487 12547 12663 33425 34885 34897
10315 12487 12703 18563 32213
10295 10307 10311 10315 10331 10339 12479
10861 10865 12299 12339 12367 12371
10307 10311 10315 12663 12667 12671
47249 47253 47269 47273 47277
12691 12695 12755 12815
12647 12655 12667 12807 12815
12659 12687 12703 12859 12875
12815 12895 34885
10295 10307 12447 12495 18691 18879
10311 12487 12703 12875
12695 12703 34885 34893
10295 10307 32205 32213 33449
10335 12487 32201 32209 32213
12621 12799 12867 12895 18879 34921
10311 12679 12831
12827 12867 12895 12907
12687 12835 12847
34917 34921 34925 34929 46281 46285
10307 12795 18447 18631 18635 18639 18671
12663 12667 12671 12783
12483 12487 12875 12895
12855 12895 12903 32205 32209 32213
10311 10315 10331 10335 12679 12683 12695
12411 12415 12419 12423 12427 12431 12435 12439
12635 12691 12759 12823
12875 32213 54661 54673
35185 47289 47293 47945 47973 48655
12647 12691 12799 12819 12823
10307 10311 10331 12483 54665 54673
12671 12835 12851
12603 12607 12627 12631
12875 34909 35185
12839 12847 12851 12855
12603 12659 33449 33469
10853 10857 10861 10865 12463 12471 12475 12479
34901 34909 34913 34917
12407 12643 12811 18575
10315 12483 12715 12827
10311 10315 12483 12487 12559 12875 48659
12815 33441 34897
12875 12895 32197 32201
10307 10311 10877 12335
12747 12751 12759 12763
12715 12723 18819 18847
12863 12867 12871 12875 12879 12883 12887
33425 33465 34885 34889
10861 10865 32197 32209
12439 12447 12451 12515
10311 12663 12835
12903 18419 18423 18427
12715 33449 33469
18427 18619 18675 18767 18863 20807
12351 12355 12559 12711 12723 12727
33429 33433 33437 33441 33445 33449 33453 33457
35181 35185 47949
12483 12487 12703 12875 33469
12343 12355 12371 12375 12447 12451
32197 32201 32205
12731 12751 12755 12759
18635 18639 18671 18795
35181 35185 35201
12795 12831 12875 12895 33433 33449
33441 33449 33453 34897
12467 12527 12535 12667 12687
10291 10295 10311 12459
12299 12431 12447 18871 47687
12471 12475 12483 12487 12491 12495
12679 12683 12687
12691 12695 12795 12815
12715 12743 12747 12763 12895
33457 33465 33469 34885 34889 34893 34897
12459 12463 12467 12471
33437 33453 34885 34889 34897
12515 12579 12583 35157 35169
12431 12679 12751
12559 12643 12803 12811 12855 12863 12907
12779 12783 12787 12815 12819 12827 12831
12695 12703 12831
18595 18619 18683
34897 54657 54669 54673
10339 12479 12483 12571 12771 12895
12759 12827 12875
10295 10307 10315 10335 12475
12883 12887 12891 12895 12899 12903
18447 18547 18595 18599 18603 18611 18615
12615 12621 12627 12631 12635 12895
12655 12667 12687 12691 12695 12703
10877 10881 12299 12323 12327 12331 12335 12339
18619 18651 18655
10307 10315 10327 10331 12467 12527 12575
12523 12611 12621 12663 12667 12679 12683
12483 12487 12875
12335 12343 12347 12351 12355
12423 12435 12439 12451
12487 12571 12575 12663 12695 12703 12875
18683 18723 18727 18735
12855 12895 12903 12907 18519
12463 12491 12495 12523 12527
12687 12691 12795 12803 12831
12807 12819 12823 12831 12859
56373 56627 56691 56699 56703
12487 12571 12647 12659 12671 12675
12815 12831 12895 33433 33449 33453
32213 48711 54661
18603 18611 18615 18619 18627
12627 12663 12679 12691
10849 10853 10857 10861 10865 12299 12343 12355
12775 12779 12783 12787
12903 33425 33429 33433 33437
12867 12871 12895 12907 34885
12603 12611 33441
47277 48667 48707 54657 54661
47945 47949 47961 47965 47969
12411 12427 12451 18795
12687 12691 12803 12819 12823 12827 12831 12867
12435 12443 12447 12451 12459 12463 12467
10315 12471 12479 12491 12523 12527 12627 12643
12335 12343 12347 12351 12355 12359 12547
12399 12559 12811 12847
12431 12515 12519 12683 12687 12691 12695
12627 12647 12655 12667 12687 12695 12699 12703
12631 12695 12703 12819 18695
12491 12495 12687
12663 12691 12755 12779 12843
12863 12887 12895 48711
10299 10307 10327 12459
12487 12647 12651 12667
10311 10315 12463 12487 12527
12783 18635 18871
10857 32197 32205 32209
12815 12827 12895
12339 12355 12399
12523 12539 12551 12571 12575 12603 12621
10331 10335 12621 12747
47269 47273 47277
10335 10857 10861 10865 12603
33457 33465 34885 34889 34893
12827 12895 33429 33449 34885 34889 34897
12527 12531 12679 12683 12687 12691 12695 12703
12487 12703 32213
12799 12823 12827 12835 12839 12847 12851
12703 12875 32213 34893 34925 48639
12851 12855 12859 12863 12867 12871
12523 12531 12759 12763
12491 12807 12855 12871
18615 18619 18767 18779
12555 12563 12571 12575 12579 12587
48655 48663 48667 48671
10315 12431 12621 18863
35189 35193 35197 35201 35205 35209 46281 46285
35177 35181 35185 35189 35193 35197
10299 10307 10311 10315 12479 12483 12487
12743 12759 12763 12767 12771 12895 52981 52985
12695 12703 32213
12343 12347 12355 12463
12647 32201 32205 33469 34885
54665 56045 56069 56081
12795 12831 34889 34901
10315 12531 12679 12695
12483 12487 12695 12703
12403 12843 18487
33469 34885 34889 34893 34897 34901 34905
10865 12715 12743 12763 12771
12847 12851 12855 12859 12863
12687 12835 12839
12487 12899 32201 32205 32209 32213 32221 33433
12691 12823 33429 33437 33449 34885
12627 12679 12683 33433
18707 18727 18735 18775 18827 18831
12491 12495 12523 12527 12531
12567 35205 35209 47687 47945 47953
35157 35161 35165 35169 47253 47261
12611 12691 12695 12711 12735 12755 12895 18675
12719 35213 47965
12907 32213 33425 33449 33469
12743 12747 12751 12755 12759 12763 12767 12771
34909 47687 47957
12447 12507 12515 12519
18523 18603 18671
12759 12779 32201 32205
18427 18547 18555 18863
34925 34929 35149 35153
47957 48655 48663 48667
12843 12855 12871 33449
12703 32213 32221
33441 33449 33453 33461 33469
12431 12531 12863
10829 10833 10841 10849 10857
18431 18511 18643 18675 18831 18871 34925
12591 12595 35153 35161
12683 12759 12815 12819 12827 12895 32209 33469
10315 12483 12571 12575 12603
12495 12531 12683 12687 12691 12695 12895
12663 12671 12675
12519 18427 18447 18587 18635 18647 18743 18863
12419 12579 12591 12607
34905 48707 54645 54649
12459 12463 12467 12471 12475 12483 12487
12631 12647 12655 12663 12667
10315 12431 12621
12747 12751 12755 12767 12771
12463 12479 12487 12691 12795 12819
12487 12687 12703 34893
12695 32205 33429 33449 33469 34885
10311 12483 12487 12627 12647 12651
12611 12621 12751 33433 33453
33425 33429 33433 34885 34889 34901
32213 48707 54661 54673
10339 12747 30319 34889
12747 12755 12779
32205 33429 33449 34893 54645
18795 18799 18811
12527 12627 12663 12667 12671 12679 12687
12763 12775 12779 12895
12439 12443 12447 12451 12459 12463 12467 12483
47277 47281 47285 47289 48639
18539 18543 18547 18551 18555 18559 18563
48667 48679 48683 48687
12679 12683 12735 12895 32197 32201 32205
12715 12719 12723
10295 10299 10303 10307 10311
10877 12467 12547 12563
12615 12621 12627 12631
12535 12621 12687
12735 12743 12763 12779
12903 32201 32205 32209 32213
32201 32209 33437 33441 33449
18427 18459 18767 18787
33453 33457 33465 34885 34889
12327 12335 12339 12347 12355 35185
10307 10327 10331 12663 12679 12683 12695 12699
12523 12527 12531 12627 12647 12655 12667 12683
10829 10849 10853 10857 10861 10865
12723 12735 12743 12755 12759 12775 12795 12831
18871 18875 18879 18883
10295 12795 12823 12831
12655 12739 12795 12803 12807 12819 12823 12831
12703 12875 32213 34893
18659 18663 18671 18675 18679 18683 18743 18747
35165 35193 35197 35201 35205 35209 46281 46289
18763 18767 33425 33429 33433 33437 33441
12603 12621 12735 12747 12751
12751 34897 34909
12447 12451 12459 12463 12467 12471
12487 12603 12687 12783 12831
12431 12751 12895
12323 12339 12351 12359 12363 12563
35149 35173 47949 47965
12339 12611 12621 12635 12747 12751 12783 34913
12747 12755 18723 18731 18787 51929
12487 12495 12551 12563 12711
12851 12855 12859 12863 12867
12495 12523 12527 12531 12679 12683 12687
10295 10865 12463 12647 12651 32197 32205
12431 12435 12443 12447
12355 12367 12371 12375
34905 34913 34917 34921 34925 34929 46281 46285
32201 32205 32209 33433 33449 33453
10861 10865 12735 12739 12743 12763 12779 32197
12531 12679 12683 12687
12747 12755 12759 12763
12663 12675 12843 12847
10331 12467 12527
12603 18519 33453 33469
33445 33449 33453 33457 33465 33469
10307 10311 10315
12559 12659 12771 12827 12883 12895 12907
18499 18599 18619 18651 18683 18811
12679 12683 12695 12703
10315 10335 12783
12831 12867 12895 33433 33453
33449 33457 33461 33465 33469 34889
18423 18431 34885 34897 34901
12531 12611 12621 12743
18651 18655 18659 18663 18671 18675 18679
18675 18767 18855 18863
12711 12715 12719 12723
12759 12763 12775 12787 12819 12823 32197
12603 12715 12783 18447 18619 18639 18643 18743
12739 12759 12767 12771
12779 12787 33433 33453 33457
12515 12659 12691 12795 12819
12807 12823 12827 12831 12835 12839 12847 12851
10307 10311 12679 12831
32217 32221 33449
12715 12731 12831 34893 34897
18631 18635 18639 18643 18647 18651 18655 18659
33433 33449 33461
10295 10299 10307 10315 10865
10315 12483 12487 12695 12703
12627 12683 12691 12831
10307 12775 34885
12867 12871 12875 12879 12883 12887 12891 12895
12795 12815 12819
10307 10311 10315 10829 10877 12351 12355
12735 12767 12771
10339 12735 12759 32201
33433 33453 33465
12739 12751 12771 18871
32221 33433 33469 34885 34889 34893 34901
18439 18527 18547 18595 18691 18703 18707 18711
18563 18567 18595 18599 18603 18611 18615
12691 12843 12879 12883 12899 33445
12899 12903 18419 18423
10837 12475 12495 12715 12815 12883
12663 12667 34893 51937
12355 12621 12775 12827
10311 12703 32213
12679 12695 12703 12815
12723 18527 33433
12575 12663 12691 12735 12759 12811 12831 12843
10311 10315 12479 12487 12695
12835 12847 12867
35197 35201 35205 35209 46281 46285 46289 46293
10877 12439 12515 12687 12695
12479 12487 12815 12895
12907 32201 32205 33445 33449
33449 33453 33465 33469
12679 12703 32213 34893 46289
10877 10893 12547 12555 12559 12563
10299 10307 10315
12607 12611 12615 12621 12627 12631
12811 12855 32201 32205 33469 34885
35165 35169 46281 46285 47261 47273
12555 12563 35157 35165
10299 10307 10311 12463 12479 12487 12691
10861 10865 12483 34893 34897 34909
34921 34925 48667 48671
10295 10307 10315
10877 12371 12403 12407
12431 12679 12751
12575 12663 12759 12827 12887 12895 32213
18863 32205 35205 47289 47293
18759 18763 18767 33425 33429 33433 33437 33441
12631 12747 12783 18487 48675
47945 48639 48679 48699
48707 48711 52973 52985 54645 54653
35197 35201 35205 35209
12783 34909 34917 34921 34925
10315 12547 12551 18555 18795
12759 12875 32213 34885 34893
12855 12859 12863 12867
12431 12751 12895 18863
12695 12703 32213
33469 34889 34893 34901 34905 34909 34913 34917
12447 12451 12459 12463 12467 12471 12475 12483
12487 12683 12695
12683 12687 12691 12695
10315 12663 12667 18411 18499 18527
12347 48639 48647 48679
12631 12739 34905 48707
12703 12763 12779 12883 32197 32201
12451 12503 12515 12519 12571 12715 12723 18527
12343 12347 12351 12355
12883 12887 12891 12895
12875 12895 32213 33437 33441 34893
10307 12735 12755 12759 12763 12771 12795 12803
34925 34929 46281
10307 12523 12531 12535 12539 12663
12575 12579 12583 12587
10307 10311 10315 10331
12727 12731 12735 12751 12755
12703 12875 32213
12899 12903 18419 18423 18427 18431 18439
12483 12487 12531 12567 12683 12703 12875 32205
18587 18603 18647 18683
18447 18723 18871 18883 47695
10315 12483 12575 12695 32213
12575 12703 12819 18799
12431 12447 12567 12827
12531 12663 12671 12687 12835 12847 12855
12671 12683 12711 12715 12719 12723
12663 12679 12683 12695
10307 12679 12683 12835
34913 34917 34921 34925 34929 35149 35153 35157
12475 12479 12483 12487 12491 12495 12683 12687
12531 12679 12683 12687 12691 12695 12703
48663 48667 48671 48675 48691
10291 12763 12827 12903
12735 12739 12759 12763 12779 12823 12843
12479 12683 12695 12803
10303 10307 10319 54665
32205 32213 33437 34897 34925
12327 12555 35173 35177
12871 12879 12891 12895 12907 33425 33429 33449
12903 32205 33429 33449 33461 52977 54645
12683 12687 12691 12703 12739 12755
10295 10307 12815
47953 47957 47961
10307 10311 12663 12679 12683 12695
12603 12675 12883
12407 35213 47945 48663 48667 48671
35177 35181 35185 35213
18635 18639 18643 18647
18487 18491 18495 18499 18507 18511
34889 34905 54653
18447 18627 18787 18871
12571 12703 32205 32213
12795 12815 12827 12831 12875 12895
10307 12679 12683 12835 12839 12847
10877 12347 12551 34925
12339 12407 12411 33437 33441
35153 35157 35161 35165 35169 35177
12819 33433 33449 33453
12847 12875 12883 12887
12847 12851 12855 12859 12863 12867 12871 12875
12855 12871 12895 12903 33425 33429 33449
32201 32205 32209 32213 32221 33433 52973
12823 33441 33469 34893
47249 47253 47257 47269 47273 47293
12663 12667 12671 18431
18611 18615 18619 18627 18631
12407 12519 47945
54649 54653 54657 54665 54669
10339 10343 12527 12531 12571 12575 12679 12683
12683 12703 12723 12815 12827 12895
12715 12723 12727
10295 10307 12475 12487
12487 12575 12703 12819
12679 12703 32213 34893
12483 12607 12611 12615
33445 33453 34893
10315 10331 12611 12615
12691 12703 12727 12731 12767 12795
12783 12787 18499 18619 18723 18735 32209
18671 18675 18679 18683 18743 18747 18751
12679 12683 12695 12703 12827 12895
33425 33429 33449 34885 34893 34901 34905
12715 12755 47945 47949 47961 47965 47969
32201 33437 33465
18511 18515 18691
10335 10841 10893
12559 47953 47957
20807 34885 34889 34893 34897 34901 34905 35153
12687 12695 12703
12375 12395 12399 12403 12407 12411
10295 10299 10307 12539
18459 18747 18751 18755 18763 18767
12895 52957 52961 52965
12667 12671 12735 12739
12743 12763 12779
10861 12763 12779 34889 48707 48711
10295 10315 12621
18611 18615 18619 18627
18423 18439 18443 18487 18491 18499 18507
12663 12667 12691 12763 12779 12795 12811
12691 12695 12815 12847 12895 33449 33469 34885
12475 12479 12483 12487 12899 32201
10335 12487 12691 32213
12463 12487 12815
12695 12703 12743 12763 12815 12827 12843
18655 18659 18663 18671
10877 12447 12603 18547 18603
32205 32209 33425
12621 12627 18459
10295 10335 12487 12703 32205 32213
12415 12431 12515 12555 12559
10315 12479 12483 12487 12703
12399 12407 12411 12419
18559 18563 18567 18571 18583 18587
12647 12683 12695 12699 12783 18651 18719 18735
10315 30283 54653
10339 12679 12831 12875 35149 35181
18431 18447 18635
12775 18523 18603 18671
34885 34889 34893
10881 12371 12551 12559 12567 34909 34913
12819 12831 12895 34893 34905
12355 12407 12447
12763 12779 33449
12679 12691 12695 12703
12763 12779 12795 12807
10307 10311 12895 18787
12779 54661 54665
12471 12475 12483 12487
12787 12895 18691 18707 18863
12831 12835 12867 12903
12715 12731 12771 12855 18459 33433 33449
12491 12495 32209
12571 12627 12631 12663
12627 12691 33425 33429 34885 54645
10315 12531 12687 12759
10307 10857 10861 10865 32197
12339 18567 18643 48651 48663
10295 10315 12463 12819
12663 12679 12695 12703
12895 33437 33449 33453
12523 12527 12531 12627
10295 10315 12735 12743 12763
12355 12663 12751 18863
12655 12687 12803
48671 48675 48679 48691
10311 12483 12487 12579
12807 12811 12815 12823
12611 12763 32197
12487 12531 12827 30319
47277 48639 48679 48687 48699
48643 48651 48663
10291 10295 10299 10303 10307 10311 10315 10319
33425 33429 33437 33441 33469 34885 34897 34905
12595 12735 12759 34921 35165 35169
12683 12695 18587 18831
18635 18643 18663 18747 18775 18855 18863 20807
12675 12723 12727
35157 35161 35165 35169 35177 35181 35185
12715 12723 12755 12771 12795 12819
12755 12763 32197 32209 33449 33469 46289
10857 12831 12835 32197 32209
12479 12611 12621 18831 32201
12567 12667 12779 12783 12831 47957 48655
10315 10335 12795 12815 12831
12807 12903 12907 18499 34885 34893
10315 12483 12487 12611 12615 12627 12631 12695
12663 12723 12895 18831
12723 34885 34889
12655 12683 12795 33437
33429 33449 33469
10861 10865 12299 12339 12367 12371 12375 12395
48683 48687 48691 48695 48699
12743 12759 12779 12907
32221 48699 48707
10311 12487 12527 12571 12687 12691 12703 12711
35161 35165 35169 35177 35181 35185
12419 12459 12551 12567 12571
12667 12671 12687 12835 12839 12843 12847 12851
12367 12371 12403 35193
18615 18619 18627 18631
12775 12819 12827 12895
12423 12431 12551 12675 12883 12887
10335 12571 12575 12723 12727
12703 18563 18659 32213
12779 12795 12819 12831
10877 12339 12579 12583
47957 47961 47965
12715 12731 18527 18855
10327 10857 12527 12539
12487 12495 12679 12815 12827
12703 12843 12855 32205 33449
12611 12751 12755
10311 10315 12459 12463
12299 12431 12447 18871 47687
10291 12459 12527 12531 12667 12671
10311 12327 12335 12339 12355 12475 12603
12739 12763 12779 33433 33453
12763 12807 12819 12827
12621 12655 12719 12739 12743
10315 10319 10327 10331 10335 10339 10343 10829
12763 12855 32201 32205 32213 33469
48663 48667 48671
18507 18547 18787 18871
12575 12695 32205 33449
18703 47945 47953
47953 47961 47965
12323 12331 12407 12411 12431 12451 35213
10315 10339 12467 12679 12895
12563 12567 12583
12483 12487 12491 12495 12523 12527 12531 12679
10295 10299 10303 10307 10311 10327 10335
10315 10331 10335 12567 12643
10295 10307 10335 12487 12531 12827
10311 12607 12615 12635 12755
10339 12483 12487
12339 12343 12579 34925 34929 35157 35165 35185
10311 12403 12411 12439
12667 12671 12675 12783 12835 12843
12655 12659 12667 18423
12487 12495 12531 12535 12795 12807 12823 12831
18619 18635 18675 18691 18707 18723 18787 18831
12491 12527 12531
10295 10307 10311 10315 10331 10339 12479
12621 12687 12743
12463 12491 12691 12795
12703 12815 12827 12835 12839 12843
10307 12483 12627 32205 32213 33425 33429 33449
12759 12763 12771 12775 12779
12739 12743 12763
10315 12659 12831 34885
12399 12403 12407 12411 12419 12431 12435 12443
34913 34917 35149 35153
10291 10295 10299 10307 10311 10315 10335
12735 12743 12763 12795 12803
12703 12795 12819
48651 48663 48667 48675
47945 47953 47957 47973
18447 18723 18871 18883
47257 47945 47973
18647 18863 20807 32197 32205
33465 33469 34885 34889 34893 34897 34901 34905
10307 12621 18863
48639 48643 48647 48655 48659
33453 33465 33469
10295 10307 33433 33449
12703 12875 18635 32213
12699 12703 12823 12831
12419 12443 47687 47945 47949 47953 47973 48575
12795 12803 12807 12819 12823
12503 12515 48667 48675
12895 33449 34885
12355 12663 12783
35153 35157 35165
12827 12831 12835 12839 12847 12851 12855
12747 12795 12815 12827 12843 12855 12871 12875
10299 10307 12483 12627 12679
12691 18695 20807 32213 33449
12795 12815 12831 12895
10853 12523 12527 12531
32201 32205 32213
10335 12723 12815 12827 12895
18571 18583 18587 18595 18599 18603
10315 12819 12827 12895 33429
12695 12703 12815 12827
12895 33449 33453
12483 12487 12643 12663
12687 12691 12703 12763
12751 12815 12827 12895
12355 12783 12895 18863
12611 12723 12755 12771 34893 47957
12467 12491 12651 12695 12807
12495 12523 12527 12531 12683 12687 12691
10307 10857 12611 12695 12747 12775 12779
12479 12483 12487 12827
46281 46285 46289
12755 52425 54653 54669
47949 47973 48663 48667 48671
18559 18563 18567 18571 18575 18579 18583
12451 12503 12511 12515 12519
10335 12603 12621 12795
12547 12551 12563 12591
12695 12739 12751 12827 12831 12867
18707 18807 18831 18863 20807
32201 32213 32217 33429
12715 12723 12735 12759
12631 33449 33453 33469 34885 34889
12551 34905 48639 48679 48691
12795 12799 12803 12807 12823 12827 12831
12547 12607 12611 12615 12627 12631 18439 18443
12771 12775 12827 18547 18683
32201 32205 32209 48699 48711
12487 12547 12679 12695 12891 12895
33461 33465 33469 34889 34893 34901 34905
12899 12903 18419 18423 18427
12743 12779 32197 32205 32213 33425 33449 34885
12715 12763 12819
12823 12831 12867 12895 12907
12547 12695 33433 33453 33461 34901
12735 12739 12743 12759 12763
12483 12487 12703 12839
12779 18879 32201 32209 35177 35185
12691 32205 33449 34885 34897
12431 12751 12895
10295 10315 10849 12331 12351 12463
12621 12815 12875 12895
10307 10311 12483 12603 12687 12779 12787
12739 12743 12759 12763 12771
10307 12621 18863
10307 12747 12755
12403 12431 12551 18707 18795 18871
12683 12695 12703 12723 12727 12831 33449
18691 18815 18819
10315 10829 10833 10845
12487 12503 12515 18487
10295 18675 33429 33433
33453 33461 34889
12679 12691 12695 12703 12895
12895 32197 32201 32205
12747 12775 18787 18879 34917 34929
12487 12875 33449
12459 12663 12675 12687 12779 12835
12795 12819 12827 12831 18499
12407 12447 35185
18451 18459 18539 18543
12495 12523 12527 12531 12679
18659 18663 18675 18679 18683 18691 18787 18847
12483 12487 12491 12495 12523 12527 12531
10295 10307 18671
12431 12751 12895
18747 18751 18755 18759 18763
33429 33437 33453 33465 33469
12679 12683 12695 12699 12763 12795 12799
10331 12467 12527
12355 12359 18523 18811 18819 47945
10865 12331 12611 12615 12739 12743 12763 12771
32217 33437 33441 33445 33465
12807 12819 12823 12907 32197 32201
10291 10295 10299 10303 10307
12787 18423 18527 18547
12343 12355 12367 12399 12431
35157 35161 35165 35169 35177
35201 35205 35209
10311 10331 10335 12467 12479 12483 12487 12495
12603 12607 12611 12615 12621 12627
10861 12479 12483 33429 33433 33441 33449
10295 10299 10307 12647 12651 12655 12687
12703 12827 12875
12659 12687 12703 12859 12875 12883 12887 12899
12419 12427 12443 12507 12747
12683 12687 12691 12739 12759
18723 18727 18731
12847 18439 18507 18511 18583
18635 18651 32217
12611 12615 12695 12747
12463 12487 12647 12651 32197
18427 18447 18547 18599 18603 18619 18635 18659
10315 12523 12527 12535
12459 12491 12671 12727
12703 12743 12755 12763
12743 12779 35169
12327 12359 47261 47265
12743 12755 12759 12771 12831 12895
12747 12751 12783 18587 18635
47973 48663 48667 48675
10315 10335 12463 12487
12551 12555 12559 12563
12715 12771 12895
18423 18427 18431 18439 18443 18447 18451
12531 12555 12627 12683 12687 12691 12695
48639 48643 48647 48651 48675 48679 48683 48687
12779 12795 12819 12823 12831 12875 34893
10829 10833 10837 10841 10845 10849 10853
12687 12691 12695 12703
18439 18443 18447 18451
12711 12715 12719 12743 12763 12779 33449 33469
34889 34905 52941 52957 52961
12479 12483 12487 12647 12651 12679 12683
12567 12655 12751 12875 12895
12903 18419 18423 18427 18431 18439 18443 18447
12399 12403 12407 12411 12419 12431 12435
10339 12611 12627 12679 32197 33449 33469
18679 18683 18743 18747 18751 18755 18759 18763
12667 12671 12835 12851
18627 18631 18635 18639 18643 18647 18651 18655
12855 12903 33425 33469 34885
32205 32209 32213 32217
12519 35177 48651 48655
12663 12679 12695 12827
18423 18427 18443 18547 18619
12855 12871 12879 12903
12363 12431 12547 12551
12863 12867 12871 12875 12879
47945 47957 47965
12663 12679 12691 12759
12487 12827 12871
10311 10315 10335 32205
35149 35153 35157 35161 35165 35169 35177 35181
12691 12763 12779 12795 12811 12815 12827
12795 12803 12807 12819 12831 12867 12907
12759 12771 12819 12827
12819 12827 12895 32201 32205
12783 18447 18619 18639
12355 12663 12751
12559 12583 35157 35169 47261 47277
12775 33449 33469 34885
12895 34885 34889 54645
12655 12819 12827
12611 12751 12771
12715 12723 12755 12771 12795 12819 12831 12847
33437 33449 33453 33465
10303 10307 12487 12695 12703 12711
18487 18491 18495 18499 18507 18511 18519 18523
12679 12695 12699 12703
35165 35169 35177 35181 35185 35189 35193
12627 12663 12739 12855 12895 12903 33425
12663 12667 48663
12747 12755 12771 12787
12679 12703 32205
18707 18715 18735
12335 12579 48643 48699
12895 32205 32213 33449 33453
18811 34913 47945 47949 47953
10877 12355 12579 34909 34917 35157 35173
12487 12875 30251 47949 47965
12523 12695 12763 12771
12839 12843 12863 12867 12875
10315 10335 12603 12611 12615
48651 48655 48659 48663 48667 48675 48679 48683
10307 10315 12695 12891
12471 12515 12519 12659 33445 35185
18595 18707 18715 18787
12339 12451 12663 12835 35185
18423 18427 18431 18539 18543 18611 18615
10303 10307 12667 33469 46293 47683
10315 10331 10339 12459 12487 12763 12779 12827
32217 32221 33425 33429
10833 10837 10845 10849 10857 10861 10865 10869
47945 47953 47957 47965
10307 12631 12895
10315 12487 12571 12575 12695 12703 12875 18691
12371 12395 12555 12559 12631 12859
12407 35185 48663 48667
12715 12723 12727 12731 12759
12419 12435 12751 18619 18675 18787
12823 12839 12879 12891 12895
12679 12735 12763 32213
12763 12779 34905
18543 18567 18571 18583
12683 12687 12691 12695 12823 12907
12551 12571 12575 12647 12655
12431 12547 12551 12555 12559
12487 12571 12575 12703 18839 30299 30303
10861 12531 12603 12621 12783
12571 12575 12703 12875 32213
35149 35165 35173 35177
12827 12831 12875 12895 32201
12679 12871 12895 33449
33437 33445 33449 33453 34885 34889 34893
12855 12871 12895 33425 33429 33449
12331 12339 12387 35185
34897 47945 47957 54669
12483 12487 12571 12575 12703 32213
10307 10335 18459 32205 32209
12559 12875 48659
34885 34893 34897 46285 46293
12523 12527 12531 12691 12831 12867 12875 12895
33465 33469 34885 34889 34893 34897
18751 18755 18759 18763 18767 33425 33429
12495 12647 12655 12663 12683
12723 12727 12739 12747 12751 12755
12663 12679 12807 12823 12879
10881 12339 35185 47957 48655
12483 12487 12739 12759
18499 18507 18583 18787
10307 10861 12611 12691 12695 12755 12763
12743 12759 12775 12779
10299 10307 10857 12739 12743 12763 12827
35173 47257 48639 48643
33453 33457 33465 34905
12399 12419 12579 18499
12491 12531 12535 12567 12663 12667 12823
12503 12515 12519 12571 12715 12723 18527 18707
12643 12691 12695 12795 12831 33449
10315 10331 10877 12621 54653
33441 33453 33457 33465 33469 34901 34905
12611 12621 12723 12731 30251 30255 32201
12495 12575 12627 12795 12831 34889 34905
20807 33449 33453
35153 35157 35165 35169 35173
12671 12779 12839
12483 12487 12683 12815 12827 12875
10877 10881 12327 12339 12431
34893 34897 34909 34913
12621 12663 12679 12687 12703 18707
33437 33441 33453 33469 34885 34889 35181
35205 47289 47293 47945 47957 47965 48675 48683
18451 18459 18467 18471 18475 18479
10295 10307 10311 10315
18519 18527 18707 33437 33469
12663 12667 12679 33449 34885
12759 33429 33449
12743 12747 12751 12755 12759 12763 12767
10335 12827 12843 12895 33445 34901
18595 18599 18603 18611 18615 18619
12711 12719 47945 47949
32209 32213 32217
12807 32197 32205 32209
35185 35213 48663 48667 48671
46281 46285 46289 46293
12411 12531 12663 12687
12531 12535 12539 12795
12531 12679 12683 12687
12663 12679 12827
18543 18547 18551 18555
12491 12527 12655 12683
12647 12655 12715 33449
12479 12483 12487 12495 12523 12527
30267 30271 30279 30283 30311 30315 30323 30327
12763 12779 48707 48711
18551 18555 18559 18563 18567 18571 18575 18579
12621 12751 33433 33453
12683 12691 12703 12819 12875
12611 12621 12739 12743 32201 32209
10295 10299 10307 10311 12663 12679 12683 12695
12795 12819 12823 12831 12879
12611 12621 12627 12647 12655 12715
12667 12671 12831 12867
18539 18543 18547 18551 18555 18559
10311 10315 12687 12691 12695
12631 12735 12763 12819
12483 12491 12647 12679 12683
12631 12691 12695 12703
18563 18703 18719 18795
12759 12763 12771 12795 12827
12871 12895 33449 33469 34885 34889 46285
10877 12339 12663 33429 34889 34893
12483 12487 12703 12875 30311
12479 12567 12575 12621 12735 12743 12755
10331 33449 33453 34897
12595 12621 12627 12795 12807
34913 34917 34921 34925 34929
10331 12527 12683 12695 12703 12763 12795
10315 12463 12479 12523 12831 12855
12895 12899 12903 33425 33429 33433
18807 18815 18819 48675 48687
10295 10299 10307 10311 10315 12523
12463 12487 12795 12819 12831
12827 12843 12895 33445
12483 12621 12771 12843 12859 32201 32205
12523 12531 12679 12735 12763 32213 34893
34917 34921 34925 34929 35149 35153
12487 12775 12795 12819
12335 12355 35181 48687
12431 12679 12751
12875 32197 32205 32213 33469
10857 10865 12631 12691
12663 12687 12779
12571 12575 12611 12621 12683 12743 12747
46281 46285 46289
12903 32209 33429
18563 18659 18683 18707
12755 12771 12775 12787
12895 32205 32213 35149 35153
33441 33445 33449 33453 33457 33461 33465
47949 47961 47965 48683
12759 12763 12779 12787 12795 12819 12831 12855
12595 12621 12647 12651
12607 12627 12631 12647 12655 12659 12667
12895 33425 33433 33449
12795 12815 12831 32201
12759 12763 33425
12411 12419 12431 12435 12443
12659 12859 12883
12483 12487 12571 12703
12407 12411 12419 12427 12439
12815 12819 12823 12827 12831 12859
47945 47949 47973 48663 48667
10315 10857 10861 10865 12647 12655
33429 33433 33437 33441 33445 33449 33453 33457
33433 33449 33453 33457 33465 33469
12739 12743 12763 12779 12827 12863
33429 33433 33437 33449 34885 34897
12687 12695 32201 32213
12583 34921 34925
10841 10877 10881 12327
35185 48663 48667 48675
18519 18523 18527 18563 18595 18599
18563 18567 18571 18583 18587 18595
10307 10327 12663 12679 12819 12895
12831 18695 18787 18807
10303 10865 12743 12755
12679 12703 32205
10307 10311 10877 12439 12515 12687 12695
34893 34897 34905
12759 12775 12815 12895
33449 33453 52973
12583 35149 35153 35165 35169
12615 12663 12679 12755 12767 12771
12803 12807 12823 12827 12831 12835 12839 12847
35149 35153 35157 35161 35165 35169 35177
12827 12895 33449
12355 12391 12719 18683
10861 10865 12621 12679 12683
10315 10327 10331 12467
