17 1422 14 8 126 103
5951 18 40 2672 39 27 347 1868
1419 18 332 14 333
209 29 124 4521
274 5066 381 5511 7953 14 824 8
1103 2630 21 5454 758 19
3406 3891 103 8 925
124 209 29 124 243 1791
18 143 14 963
71 690 58 14 71
122 707 14
71 8367 4705 39 71 1713 122
219 160 3789 586 18 227 7307
600 122 965 754 568
5813 292 4365 2227 8 2672
381 29 2305 2209 14 2041 14 4602
591 29 219 50 290 7523
8 3820 92 18 8 3728 110 381
3079 71 32 227 2913 4944 160 4945
3523 11 858 52 1894
2913 759 1944 8
3 122 7217 1564 39 3
29 818 52 227 5292 124
292 545 227 7762
306 4332 8 145 18 2667
347 3832 600 1103
6097 586 18 761 18 1270 52 339
1042 71 5401 263 17
152 186 17 567 71 8 3540
52 3926 3095 492 1366 219 124
20 21 8 414 242 7728 492
265 50 290 876
1515 18 348 25 219 1113 591
848 19 602 646 8 541
51 221 21 26
18 154 4167 245 21
592 84 692 21 347 356
142 2282 14 1214
210 20 32 537 18 74 841
307 97 265 290
124 2157 463 945 1718 318
36 20 21 8 2566 18
117 47 18 8 7071 17
14 124 71 211 227
1792 71 5379 153 2227
18 11 612 8
453 21 494 23 158 18 8 73
174 92 376 602 290 712 908 3
192 870 92 103 8
1421 1013 17 212 591 101 30
2448 922 63 810
122 8803 7204 8804 8805 7594
161 1212 1035 534 18 74
29 5094 224 225 3438
395 8401 8 146 235 564 63
8 1785 2672 18
1 1 1 340 104
75 245 842 92
18 3358 810 1275 71 290
8 126 27 17
5775 21 494 1913 9122
21 683 934 4274
51 63 3625 8 2167 18 7042
17 1065 3 1547 5098 39
229 21 2948 18
8 2991 7832 29
14 3510 47 18
19 14 83 124 18 1376
14 21 23 2818
75 40 1590
306 272 209 29
18 4001 8 126 14 71 4002 29
665 8 444 8 1199 18 30 21
6109 71 8 567 347 2221
75 3206 39 3780
347 19 29 274 4358 122 1673
2814 8 186 18 40 193
818 122 2376 80
21 8 673 758 8
23 870 14 632 3807
71 3829 54 23
80 61 52 26 8457
14 227 3970 20 27 18 8
1017 29 11 12 1611 71 307 1140
174 96 17 8 3401 2672 18 11
6532 181 11 14 8 152 188 381
52 4002 8 8508 18
1446 101 20 3742 381
567 71 1218 39 227
29 54 5324 124 2379 2490 212
26 17 6335 8 322 18 206
29 21 1262 175 3195 3
18 185 14 83
14 265 8 4258 1828
47 290 6614 71 8 188 104
1 1 4611 30 17 40 47 18
2366 1103 539 30
657 219 1450 8 276 24
183 548 1360 71 8 1089
71 26 4620 18 206 381 26 1508
2227 8 2672 17 40 98
1 1 1081 40 19 1107
290 2308 40 401
8 6829 18 5976 5977
96 30 17 1018 29
54 29 17 2406 71
390 2593 92 7137 92 74 20 810
1681 92 1682 293
299 8 3400 18 2110
157 3 96 8 158 18 26
18 293 3818 39 212 19 31 5005
8 186 14 1042 71 1181
497 2550 71 45 19 29 592 52
58 39 292 224 306 484 96
24 103 227 257 21 45
71 323 161 8 7183 18 1025 49
3612 1045 21 8 3781
103 265 1769 7014 4306
824 18 3355 545 2376 39 227 319
1144 8524 21 344 260 160 13 3826
1022 138 51 124 1357 71 2952
18 1155 20 212 2894 1123 17
14 103 270 5882 103
71 599 318 292 40 2455
101 8 1517 3801 21 8
63 47 18 29
665 103 8 1270 1271 212 81
1367 18 23 192 311 4653 39 40
371 18 8 8214 381 8 3820
2690 11 4011 29 54 29 527 307
145 29 17 21
40 5466 21 8 3202 18 5451
8 8374 18 8 8368
4182 768 292 40
4857 227 319 1842
126 905 50 859 292
71 138 219 211 30
96 75 227 152 2672
161 8 4683 179
8 3826 7030 299 8
2952 307 21 600
18 8 193 17 71 290 2138 1383
1873 18 206 20
2483 18 11 17
8228 25 160 27
1152 14 3479 1108 347 371 92 741
1347 1696 811 3 187 18 8
96 27 17 40 3774 92 2468 2271
381 8 4488 18 8 193 17 52
145 124 52 306 8459 39 27
1775 96 265 8889 71 8 1035
39 399 510 8
17 440 316 8 1193 18 932 17
2772 7723 436 275 219
29 8 126 524 17 90
18 8 5935 2621 92 5329 6606 58
1740 18 347 1262 17 600 3926
1 1 1 310 18 40
54 8 1001 265 31 29 122 312
39 8 1804 216 318 103 205
212 23 2307 39 8 3801
51 124 71 2739 3508 1944
160 54 1569 145 14 1388
96 17 21 8 2566 18 8
71 2562 307 3 104 100 265 17
8 2353 3510 1366
479 21 347 1267
8575 908 1266 74 20 124 4286
414 227 541 75 71
174 18 227 2874
1 7672 8 7670 7673 900
2353 25 2160 29 335
14 25 17 347 4349
934 92 4867 266 30
266 197 17 212 74
219 29 63 8 414 18
11 227 1022 39
29 8 2766 265 8433
1 1 581 662 50
360 1481 1757 175 63
29 17 8 357 18
290 2672 21 8 8171 18 3778
21 19 1045 8
824 29 3 4500 12 187 71
174 436 97 174
4313 6555 14 3949 219 125
161 84 39 29
212 23 391 90 8
52 334 8 870
8 4354 1486 908 20
3833 759 124 811 21
3844 219 147 1435 542 8 2813
21 503 18 8 5280 2672 14
351 532 181 292 146 14 1270 29
32 2818 57 14
1 1 1 1 1 1 1
40 746 3734 545 58 71
8 1822 290 2227 8 2672 18 174
1253 14 227 741 10 206
1260 31 122 4720 553
18 8 1376 3882 18 467
21 600 934 347
651 2930 92 216
122 2376 124 5879 18 8 7264 18
75 29 810 8362 14 918
905 21 26 322 18 4084 175
161 1481 1489 8
8 193 306 50 316 4235 18 144
8 2353 602 824 18 2545 39
18 391 3 2112 216
18 40 47 18 8 870 219
4583 18 23 3174 8 2991 3728
1861 96 17 26
21 117 462
40 1116 39 64 227 319 2482
39 18 40 8277
292 8 145 18 174 197 17
934 124 8793 175
293 1599 388 2698
188 1788 40 19 97 875 4191 71
96 17 3953 686
14 1245 2419 318
63 187 900 307
1260 193 759 1261 759 1262 759 1263
29 17 71 53 3385 3386 14 23
154 265 220 29 8040 1357 21
21 26 414 14
8 3786 18 8 3787 292
54 186 17 507 18 11
1 1 1 1 1 1 1
22 206 745 29 219 29
126 1585 17 224 707 20 4512 3
51 535 470 18 64
289 14 122 2689
138 11 12 52 1140
23 17 8 52 5451 347
18 40 73 102
8 16 17 6589 299 5583 617
2353 17 40 6233 103 8 645
101 219 71 278 563
14 700 206 5821 900 8
30 17 712 21
4975 307 39 292 8
265 8278 160 71 1324
8 787 103 96 3134
14 4030 307 1042 18 9426
33 4817 103 209 29 124
96 75 292 8 3689
388 5293 92 1842
593 14 8881 6458 262 40 2359
502 29 30 17
2688 17 11 20
8 537 18 30 39 74 20
6645 21 8 2934 181
8 2749 71 8 3300 92 1170
5137 4035 318 685
20 265 29 147 125 467 103 122
8045 976 292 8 848 14 29
1122 1019 103 227 1673 1911 39 21
5086 13 1017 40 824 92 7951
75 52 632 40
162 175 274 539
231 8 1829 646
71 121 122 541 1446 265 17 3442
917 290 2406 71 122
8 3523 858 220 219 863 8 11
2772 7723 436 275 219 497 71
193 20 124 18
1703 1260 21 8 2686 759 6887 2687
71 584 262 347 765
11 8 23 18 8
3987 18 293 899 562 8 423 18
3764 777 14 23 259
1 1 1 1 1 1
7026 18 8 3814 2138 71
21 40 737 92 516 2695 96 17
517 8 89 2167 18 11 21
318 52 8 1783 29
858 25 265 170
2667 3649 71 3649 20 40
206 278 270 269
17 39 8 3771 14
1042 197 235 1163 290 212 4570 18
29 17 71 53
3 8 1310 14 632
1210 80 858 3799 266 5055
18 8 1270 71
2522 124 2678 71 1875
21 144 1632 3293 14 23 2673
4149 307 1526 175 538
17 225 1490 21 8
71 11 103 2586 71 743
423 14 423 3
1320 21 8 520 18 8
26 17 21 138 17 8 2589 18
945 17 29 8 965 18 3921 1992
29 29 219 124 181 90
71 125 265 75 71 6836 142
40 7942 71 8 6778 14 20
339 2593 14 23 74 1362
199 2156 161 8 2166 18 922
206 14 74 384
414 18 8 7642 234
1 310 21 22 277 219 1320 103
1812 18 146 290 634 586 3 6475
292 8 1777 14 1778
8 162 2874 18 3508 2483 71
3 4081 161 8 6829 18 5976
731 635 937 686 54 29
21 26 441 144
1212 2650 3 8 543 18
33 1959 71 1263 14 632 1165
30 39 306 982 29 7405 71
712 779 3 8
731 542 147 80 30 31 335 290
18 8 3377 2212
45 482 868 18 263
1946 759 183 147
648 18 932 103 29 17
104 322 17 3804
7132 181 545 2658 14 862 315 3468
602 3 102 146 290 245 6798
74 1406 3877 17 39 40 2143 3878
17 71 53 292
31 3772 347 146 18 26 5274 18
29 219 124 315
6589 299 5583 617 8 1481 5320
1 1 781 8 126 641 71
1257 270 18 1376 2896 14 52
310 284 124 39 40 1953 47
224 19 92 4620
1685 84 1686 14
2430 18 209 29 21 117 356 124
18 11 71 290 18 8 1431
3001 18 7271 14 103
90 3818 25 27 124
941 18 186 71 2882
3046 21 54 24 103 26 17 637
52 2157 759 443 759
71 1006 917 75 71 8 1165
14 21 4798 14 4774
4813 92 4900 20 8 4884
11 29 3 905 4305 54 24
29 17 52 3899
356 18 19 3 3737 274
186 30 17 71 1972
8 930 3202 347 98
92 6088 17 52 71
2677 18 7979 14
17 8 1142 17 52 71
3508 1286 1974
209 4896 96 124
8 73 18 347 635
634 436 11 810 2495 307
18 8 443 18 8
266 51 479
206 96 744 8961 21 227
7522 206 71 1025
203 20 11 12 395 1467
8 977 787 18 6302 8 6545
390 307 8 7355 18 11 125
337 227 903 97 219
266 219 810 507
2327 18 8 126 262 135 162 3506
8331 161 122
8 111 21 2143 103 1501
21 33 4798 8 2443 18 247 17
318 92 71 163
1212 1789 14 1481
731 51 125 39 2950 71 11 103
1039 71 7109 20
32 347 746 2672 71 8 2658
19 71 2963 8 6580
580 311 2479 63 395
30 540 97 265 3806
290 212 1752 2581 759
29 8 3826 17 52 4769 18 54
18 102 146 405
3892 124 71 290
103 74 206 377
2614 29 17 2615 92 120 299 847
8 1280 18 4210 227
3 3104 71 227 1842 71 8
292 311 3953 39 292 3508
3692 8 3814 14
92 1207 18 8 3169
1039 292 8 6962 20 8 6913 14
39 124 52 1996 8 126
7146 14 7148 124
8 162 16 75 292 1269 71
12 1788 612
1811 292 1029 71 3887 8 126 21
635 414 318 21 40 4457
290 5662 219 1103
7763 14 272 7764 14 272
19 4302 92 5155 212 19 12
75 8 7303 161 40 494
6655 363 6656 961 7 1 1
6767 160 791 18
1835 2212 8 285 174
3709 3 1204 30 1912 8
175 323 142 542 299 40 7263
274 8561 11 328 199 21 4719
40 3312 18 8 393 936 3
4440 124 230 71
2353 14 8 23 520 381 8
21 347 403 96 1632 810 52 8
18 351 186 39 542
8 2658 1075 318 3
36 234 40 2992 290 40
2927 5224 97 8
400 103 96 265 17
263 8 1025 14 225
71 270 17 71
21 8458 617 1025 12 52 3926 4786
8 16 580 8 6699 274 6415
7394 20 18 8243
335 25 2418 80 144 4418 71
18 8 193 29 5162 307 20
188 186 265 918 52 21
17 212 824 5270 759 188 39
8 126 3 8
186 92 905 71 467 759 592
31 335 290 25 3739 586 18
18 8 72 3732 1103 63 1245
3578 3478 14 3415 2056 8 1861
17 212 23 7122 18
265 1093 197 290 145
14 1158 2045 29 1895 18
14 2368 71 1022 6922 1232 3262
187 21 8 193 8 4620 18
1 781 8 1787 2784 265
181 2658 14 862
292 8 7227 18 1364 142
18 391 8 1378 1071 20
234 197 160 849 18 209 690 3553
905 4030 52 71
220 30 755 103 870 71
18 26 7122 4535 17
219 124 25 289 71 290 291
2067 17 1383 100
3902 21 8 5970 443
20 219 290 161 3244
122 1231 759 3 8 145
71 753 266 293
1103 32 8 126 484 2236 14
224 193 104 188
17 40 7194 18 96 197 17
122 541 221 8349 18 318
122 905 71 224 19 4098
18 4525 318 50 211 187 71
679 14 3 462 277 102 14 1517
51 1525 52 8 493 435
8 6887 2687 2227
876 122 1299 103 227 1629
248 227 255 39 71 256 169 29
50 1969 22 922 71
21 4210 8 2672
71 8 414 18 6900
948 227 3813 27 568 122 7021 75
12 395 3486 243 103
30 33 5803 5804 18 146 1275 3
563 318 262 102 1527 96 930
398 18 8 2659 1045 8 6962
175 147 1561 8
307 71 290 1044 161
2427 436 8 2281 441 21 8
2221 18 122 73 17 1726
17 3 3734 18 117 224 71
519 381 117 520 40 521 522 21
147 256 169 29 4916 17
18 470 20 175
29 30 75 2931 227 1867
9036 33 501 18
292 347 23 18 8 3053 1222
126 14 290 2774
124 21 1270 5821 54 900 8 731
265 1103 5031 617 21 122 2894 174
18 26 5895 810 395 8401 8 146
4535 17 8 1025 97 219 2484 292
3 8 925 92 29 332 258 124
14 52 145 39
1263 97 30 290 1422 558 17
467 299 40 881
2376 183 2945 1674
164 2227 2667 14 2227 2683
21 8 543 71 1058
29 12 1788 5493
124 39 2398 1050 3 922
71 54 989 18 152
899 96 8 1270 530 1991
96 40 19 602 479
2227 1017 21 8 3781 18
291 20 27 8 6453 18
14 8 6856 2672
905 18 2671 17 90 3378
435 29 75 811 92 290 30
21 18 40 7082 96 17 6929
37 54 8 940 312 18 206 2555
75 52 3486 8 43 18 8
20 219 231 52 1520
186 14 3017 103 896 92
17 40 493 29 54 206
71 32 537 18 318 92
2013 1103 290
2537 103 2538 2539 103
71 211 307 8 905 18 4158
52 2355 2990 29
14 225 4620 1708 8
8 2945 3832 234
3 2894 186 40 47 18 2538
8 1564 18 2667 292 8
731 505 20 234 30 160
4646 92 33 4620 14 54
266 219 2775 21
8 259 335 4835
318 21 8 393 197 235 896
122 319 14 122 3814 3813 71 2720
14 8811 18
470 276 1933 759 276 467 468
17 746 92 89 14 632
1017 1535 71 6836 92 256 29
292 8 8334 18 40
284 3781 1181 900 192 4766
4081 21 949 18 8 2658 14 50
791 18 8 3689 3690 75
2952 30 39 52 3442
3508 1913 4720 71
12 395 1942 784
206 292 836 1050
14 52 71
17 8 162 436 30 17 3944 3
176 579 8 1702 18 8 2250
2218 17 241 52 25 22
104 934 92 312 124 1532 245
29 2742 586 18 8
3107 3108 14 3109 197 17 52
20 30 61 266
1 1 363 360 6847 6848
8 107 14 632
3508 2672 96 219 487
30 602 290 1029 1716 29 2540
2591 14 8203 316
4588 164 14 33 9163 900
75 3508 2487 14 8 2487 18 2251
14 6335 71 1212
8 7163 75 40 5542 71 122 162
3 1303 30 17 1018 29 97
388 1873 14 1657 18 8 145
754 18 19 31 1713
2589 160 276 608 567 71 5200
1 1 1 1
117 577 5852 9099 8 669 9100 8
6341 8 357
234 40 19 1103 53 33
219 29 4164 467 1165 71 347 2672
4936 92 3146 8 5126 17 500 8
18 1294 1295 1296 14
3913 21 8 930 868 18 206
3438 29 1730 18 1246
241 265 1797 935 18 145
4916 39 63 395
206 71 2952 318
152 153 557 71 290 712 908
8 604 18 2667 1045 568
18 318 5225 154 579 63 219
30 17 1135 71 8 446 3 40
934 39 3 1855
18 227 3586 14 4496 14
1383 3453 344 21 8 857 18 1062
1913 274 2013 30 290
312 124 377 90
1090 21 8 2686 2687
420 71 8 448 424 14 71 8
8239 3801 92 886 3 318
92 5344 4242 71 33
290 1272 71 3383 293
71 53 8 152
6390 71 8 2483 18
8 1116 18 6932
1894 39 29 265
18 3174 14 89 210 21 8 152
52 306 33 6835
318 14 96 21
40 496 1585 92 1351 45
29 5805 26 5809 29 30 160 40
18 1852 1853 17
1503 18 1632 21
75 1383 71 3600 92
17 405 2780 821 52 224 225 1260
8 6837 436 30
26 648 1687 21 8
968 71 32 103 40 102 7604
8 236 4685 71 30 14
71 290 13 71 535
9251 14 2460 20 71 3772
96 17 3953 686 54 641
299 347 23 6077 2581 39 29
881 92 2067 71 4447 75 21 2143
632 54 29 219 274 5067 542
318 20 3489 14 1837 8 3490
27 30 343 749 32 8 524
263 14 4069 3 1212 3814
1 1 1066 2043 92
1061 30 17 71
197 17 212 5320 103 307
75 21 8 604 18 8
13 8 2749 17 40
122 1788 29 530 2672
3 537 306 14
8 126 11 97 4512 21 1402
2221 71 125 8 484 103
2063 92 270 71 2142 30 8 72
20 558 92 2442
186 181 3728 14 3540 20 219 390
779 18 8 1244 17
19 1509 18 8 3501 18 3837
17 1070 71 8 174 18 1334
52 18 1822 39 18 905
122 7227 14 976 161 8228 266 265
8 787 179 1830
1 1 388 2147 2406
2260 965 71 3508
3 8 2483 18 11 17 715 241
14 21 1119 3
3146 40 375 20 265
870 103 219 63 52 3749 4105
1775 51 274 355 29
2672 31 290 212 23 101 40
17 3859 71 290 40 332 5530 39
400 209 145 71 290 1320
14 50 290 90
2898 219 227 8829 18
1481 3 962 18 7802 506
33 2557 14 1067 18
1135 30 3 3508 1564
175 1230 71 2
2481 266 2481 17 470
517 3 649 545 8
617 17 8 193 40 3134 266
40 66 14 8 67 39 25 22
147 211 4105 8 8073 18
2483 18 1025 14 71
30 17 52 71 290 2384 545
1632 2227 318 103 5451 8 870 74
340 267 52 2355
2483 52 410 39 71 323 14 71
7807 4489 1045 8 648 18
14 80 219 124 6800 71 2952
290 567 71 3508 1569
71 2738 92 468
32 18 40 9028 103
1810 64 1811 685
50 1131 3 174 92
18 3728 14 3540 186 17 39 934
858 8832 8 608
21 8 1270 39 30 50
17 33 894 2581 92 609 21
1383 230 74 2147
122 187 2212 40 1116 1135
14 632 71 3755
3944 976 3
17 2473 39
71 4625 4306 532 71 824 4625 870
2992 4305 122 2898 71
17 117 414 492 8 7077
8 84 47 219 290 1064
37 4971 124 1153 71 8 4235 18
5078 612 2227 542 14
15 3 4500 124 90 4896
310 1178 161 8 126 604 8
3379 92 8863 92 8827
96 8 3800 92 747
391 8 2581 18 11 17 505
40 401 333 831
137 4720 109 14
40 1368 7183 80 51 125 52
80 30 17 233
162 7506 29 75 517 21 8
266 219 160 7099 3
934 18 293 1599 5085 29 63 1030
1023 71 122 147
442 21 8 73
54 8 1132 214 39 40 716 18
395 6979 3 5052 919 101 3
96 17 567 71 224 3511 188
8 73 96 17
43 18 227 8342 1389
2227 8 4676 18 227 4555
160 212 192 4766 1942 842
29 103 33 541 18
17 27 21 8 414 18
12 212 669 161
8 1108 994 80
94 12 30 7245 7246 71
17 20 2025 1217 14 20
8 7040 862 562 227 3825
1503 51 50
96 1445 40 4769 92
3378 3 1843 17 29
39 71 3837 409
4370 759 3949 18 1673 206 31 715
2250 290 5823 71 102
493 2932 381 8 896 14 932
560 290 21 41 553 554 468 561
785 18 1526 39 27 18 3586 92
11 12 4905 71 3825
24 1532 8 514
4081 161 8 6829 18 5976 5977 1232
101 234 30 1520 306 21
24 160 2379 21 54 206 470 235
20 175 505 71
2227 8 2672 18
5076 14 21 54 7979 14
29 17 4205 52
934 14 8 905 18 54
1 388 862 863 103 2365 3061 14
214 71 211 212 591
8 1235 18 40 4980 18 3778 810
8 3787 18 96 30 17 405
8 357 18 293 3818 39 212
4537 1944 14 385
297 14 298 20
49 344 602 125 8
1042 18 134 101 64 31 290
103 847 219 390 318 1584 96 17
1472 18 697 1475 14
493 290 245 1135 92 754 755 17
5365 71 29 96 40 2992
857 1636 14 2120
18 8 2353 14 52
6914 545 8 4530 3 8 4404
27 21 2376 1232 6215 2990 8 187
183 33 1584 1585 31 290 4925
20 206 1514 21 1515 18 348 25
1 191 436 8
8 126 71 307 29 4056
29 4151 181 96 17 5371 71 8
3409 1674 347 86
14 996 2979 14 2884 3399 922
20 2667 858 71 8 4530
14 209 312 124
52 71 824 8
75 2992 4175 262 40 1867
3336 96 17
1 1 1 907
17 71 32 1018 8 1155 18
124 4665 3 318 54
96 3188 124 163 350 21 8 1776
14 4774 125 1570 586 142 169
3 3243 29 17 3
21 4620 124 276 22 5739 29
23 520 381 8 3771 18 8 1673
172 50 290 1533 2221 18 2802 2227
18 102 146 5005 18 8 1447
3824 3508 147 1140
17 591 21 117 192 296
2345 1185 3812 117 648 14
39 27 122 400
18 186 6681 197 810 395
266 30 17 29 206 50
1311 18 604 580 8 147 71 3255
391 17 470 39 1392 29
14 2067 21 8 106 18 3508
3785 262 8 3786 18 8 3787
17 8 342 18 29 188 29
152 12 4866 3730 8 3826
124 21 2300 2221 50 234
292 122 312 92
3590 71 1324 8 635
71 1788 124 52 3 227
568 3181 14 21 3182
3280 17 3278 103
3374 21 6321 839 161 8
18 11 214 8 1842 18 8
3 8 146 265 2815
75 1205 71 140
265 592 18 122 2127 2376 266 265
436 219 125 30 92 1103 125
18 153 492 117
14 4063 14 4064 181 436 197 17
14 976 71 334 30 844
602 290 5127 71
4535 75 8
17 505 29 51
45 23 304 29 290 303 29 219
20 199 20 3284 14 2221 96 21
8 5553 44 8 5541 160
138 11 12 811 40 47 18
505 71 63
617 265 964 18 45
707 18 8 193
3120 1479 71 8
11 219 537 52 71 290 90
3 347 23 187 101 29 18
54 284 955 18 2913 8 178
637 513 759 8799
4367 29 11 161 8 3578
1280 74 3904 18 3378 612 206 214
925 14 122 7126 50
299 146 161 54 1045 219 63 1333
219 231 480 14 232
787 101 26 29 206 1103 846
1070 71 1282 306 39
87 818 40 905 71 117 19
71 2667 3649 71 3649 20
8 145 18 174 44
18 293 3734 52 3 8 905
3814 14 3 8
36 74 17 8 857 14 3199
6482 612 299 8 2299
30 274 290 492 74 6699 206
8 2672 71 6134 8 4351 18 122
3401 38 39 30 75 52 1045 617
20 8 5917 1769
30 17 52 8
20 21 8 357 18 26 34
779 21 224
2327 596 712 975 4838 96 50
848 14 29 26
21 8 1995 18 2092 92
14 2350 39 27 3 122 102
96 97 6444 103 8 84 47 21
163 779 436 8
3 8 1378 4306 579 30 290 399
71 211 318 8 8259 96 242 17
18 888 29 17 71 53
50 290 1533 142 92 1534 292
14 154 17 245 3739 92 1086
21 40 516 14
2687 14 293 7187
1842 14 4625 2487 568 4105 71
9435 20 219 220 227 905 2260
18 174 30 17 40 493 3197
14 410 263 685
92 73 159 14 8 831 18 117
319 576 163 779 103
1421 21 54 696 14
493 230 518 519
39 21 1367 18 129 206 30 17
2672 8 2672 14 71
290 18 29 186 3
8 112 18 122 541
20 7033 71 23
19 17 1829 5659 3 423 318
2581 266 265 8840 14
715 8419 21 74 391
1421 1025 96 17
290 21 209 84
8736 103 227 2271 306 21
17 1018 2715 1
18 11 310 8 7352 75 13
17 1357 71 8 2504 839 18 8
18 227 259 1165
227 319 1187 14
169 32 26 19 535
21 8 965 16 161 8 7183 266
8 905 18 8 188 4488
219 53 29 899 14 202
932 14 146 274 3997 71
8 6837 161 7767 14 5710 8
29 17 227 259 14 4437 510
3079 18 8 16 124 3980 39
505 340 12 40
1172 1245 3 2015 18
3801 224 18 1822 225 18 2672
1 172 284 761 50 290 1533
29 357 96 21 8 731 18 11
2757 92 292 857 306
310 8 2728 18
92 347 19 1140 14 22 23
888 17 7131 596
905 18 3508 186
219 160 8808
292 307 29 4538 30 71 225
292 8 7516 18 6059 5950 381
71 290 2304 21
5693 2750 71 290 5694 21 8 4073
1 1 1 1 1
4620 14 29 103 22
8 5895 1769 310 5052 7431 14
278 1908 1959 1971 2052 14 2054 63
290 4199 265 17
2280 8 1335 18 318 54
52 71 5896 8 5856
284 63 45 5634
290 90 3762 14 8 4244 18 318
29 5581 164 299 47
8 192 2353 75 470
6264 92 2956 18 8 3689 2589
696 76 71 8869 92
40 8127 2689 18 792 92 4377 318
2672 6857 54 512 181 102 14 152
40 3754 18 2299 30 17 84 494
1403 401 637
36 54 284 24
272 8 3664 293 7519 265 3476
3 4379 92 1378 18 29 96
1696 17 122 1696 103 20 12
2221 18 8
14 316 347 1214 161 54 25 124
1737 30 1309 292
824 5569 71 144
868 534 71 563 219 160 212 591
192 4896 97 212 591 165 21 8
40 3734 96 8 2690 4011 2667 71
154 92 71 8108 74 40
1381 18 8 184 18 33
8 430 39 24 496
206 29 1403 21 3411 18
310 632 8 1270
293 348 390 8 3689
1508 18 2376 17 401 4569 20 214
500 14 71 497 71
8 870 219 124
290 21 347 23 129 19 92 1673
2913 4146 307 71 290 1044 161 8
158 18 40 3754 602
31 290 39 8
2315 3872 92 3 3873
1214 181 21 1447 14 312
14 632 3283 58 3 227 7227
17 74 2092 21 117 577
63 7586 7577 14 3401
8 462 1911 103 96
197 17 212 893 39 8 259
29 5316 52 315 181 263
436 45 41 219 343 1969
388 187 1309 292 8 247 14
3946 122 3948 14 26 266
17 315 20 71 599 14
6199 29 3 8 529 18
160 52 1792 103 318 71
71 122 188 579 40 4646 92
347 18 8 5344 71 5346 381
8 2567 2138 307 71 290 40 2581
318 29 1338 11 52
27 25 712 21 284
1913 2164 17 52 40 114 436
3 3798 2898 92
632 266 293 1599 71
7002 5824 1 1769
39 3 224 29
1718 18 1334 292 40
905 18 2110 347 831
14 6019 3 8
18 8 1933 8
852 685 54 187 181 21
329 492 197 17 40 270
64 5324 219 124 1318 71 481 17
824 27 18 8 8394 357
162 17 26 388 152 186 17 567
29 9305 52 435 71 290 1075 1479
54 2818 1306 71 29 63 227 186
71 125 510
234 265 52 306 2955
18 351 7183 14 8 2167 175 63
2756 262 347 1261 29 4275 58
21 40 332 824 124 52
1590 174 20 175 63 505 685
3501 29 63 395 354
71 307 315 3
17 71 53 8 1022 29
31 335 290 25 3739 586 18 2894
436 1218 18 318 124 3442
96 17 20 199 20 71
8 2690 17 293 824 8
1555 5551 40 7156 29 274 52 290
96 630 8 3649 20 4466 21 94
71 2952 14 5226
4084 18 209 29 3692 8 332 8300
40 7861 86 18 7862
8 152 188 14 492 8 5923
3134 4798 92 4774 14 8321 103
7879 3 2581 17 230
3 318 14 29
5998 1424 274 290 4302 71 3271 3406
530 30 40 2672 71 263 3 96
71 8 2672 14
227 3046 14 3120 21 54
8 16 14 632
907 219 290 13
39 8 1913 146 29
30 17 197 90 33 765 71 4049
293 1599 1502 262 26
18 3416 14 71 8 1656 18
174 17 71 2990
379 4041 175 479 52
8 4356 18 224 3146 19 17
1945 272 227 319 2540 14 52 272
492 265 1769 36
1187 14 3326 17 122
1913 17 71 4576 22 161 596 27
216 347 81 1334
1470 8 6858 1270 29
1074 3 8 731 18 3559
6388 71 263 14 122
14 20 8 4901
3540 97 30 1403
71 4974 92 5000
