2272 92 103 40
4200 272 4201 124
103 8349 14 4047
1741 40 3979 29
2992 7204 9258 568
18 1062 14 18
231 5091 14 6822
219 274 5067 542
4011 4105 4433 5090
124 461 18 227
72 9349 14 5799
125 30 3 212
1890 92 1891 307
14 25 1350 58
30 290 8 1788
29 4433 5090 4699
290 558 20 40
4630 18 344 316
219 754 318 71
318 20 212 19
381 4705 147 14
18 547 548 17
29 40 19 12
20 219 29 343
1035 1285 915 18
6204 21 117 193
160 2119 2756 103
1482 8 410 1426
7126 29 5599 71
52 71 1214 1210
199 20 235 290
108 21 8 430
152 188 103 74
290 981 262 2557
36 3486 3 19
1025 274 4372 266
307 138 11 12
2260 5643 381 8
17 52 2418 759
19 29 8202 323
20 266 8 126
18 8 2690 14
3 102 2672 20
227 2257 4713 14
17 2672 306 71
209 761 1446 101
231 290 1065 39
161 54 103 8
8 5270 824 918
92 227 1693 343
219 1103 678 8
83 111 1532 175
2672 18 174 71
2238 617 21 122
1419 71 125 20
1764 2215 14 39
591 567 71 5894
3741 54 24 14
229 234 51 176
73 14 38 29
71 651 8 3493
18 8 1267 234
92 181 1356 71
852 21 40 192
96 7487 8 6830
3 64 905 11
26 38 14 17
90 878 14 899
669 21 8 590
75 8 2782 18
2177 39 21 508
1042 21 25 89
719 976 292 8
1 229 266 40
915 759 97 25
4436 14 122 319
1262 5300 21 8
265 17 71 2952
363 360 2807 2808
1 4684 8 6123
753 29 206 63
644 1 1 1
266 40 19 4177
8 405 2672 96
197 75 900 1212
2913 6221 18 54
2581 1260 520 8321
63 74 868 17
122 3843 419 292
18 3120 18 3105
8 188 1788 40
2672 31 290 855
18 8 2281 18
186 17 25 3146
292 8 934 1611
50 21 8 276
227 3493 14 211
30 402 20 412
265 29 17 2368
1 3351 18 8
1 1 1 1
163 779 206 299
1 1 1559 3676
436 219 754 8
214 40 493 755
5460 1 492 51
5051 27 347 373
510 8 72 1909
36 1894 208 51
30 21 1367 18
1135 14 52 306
1263 96 20 175
290 80 197 31
2395 4496 14 23
73 4573 30 71
18 122 8267 187
369 20 18 8
1 1 1 365
8 126 378 17
124 4183 507 29
262 29 3406 92
1017 14 1450 3401
7971 21 7227 580
1407 18 604 29
648 18 8 171
1482 181 284 6660
27 2215 315 21
17 8 1025 29
1769 29 2668 7146
1471 18 293 259
2356 142 318 21
3053 19 14 40
258 17 617 266
217 17 8 374
632 1383 230 71
124 1285 2479 92
75 8 4908 18
18 8 1022 29
7121 7122 18 192
45 831 21 112
290 637 1050 197
635 4662 14 617
8 523 2781 13
175 53 52 20
5728 71 2281 14
1 1 1 1
414 21 8 126
29 4028 92 4029
3609 18 1109 657
315 1232 30 17
52 18 2123 436
21 2110 1520 71
212 591 3414 347
3 347 4086 29
306 1232 206 505
6169 18 8 1913
220 175 50 3816
377 90 2943 14
1774 71 117 3832
25 811 436 11
824 18 64 17
3649 169 350 29
52 480 4105 617
293 319 4766 1025
17 212 591 101
71 1324 988 3120
27 290 2359 92
908 7625 19 4030
8 3378 632 612
186 435 290 52
3030 284 24 29
7143 3 33 524
122 174 3 2525
332 92 2298 20
292 122 5563 92
3 373 8 3855
53 219 160 52
787 219 1103 20
18 8820 1 8864
71 25 1362 40
1090 14 4913 71
14 39 224 29
2110 600 265 274
17 3442 71 2952
18 293 771 259
1 1 1 1
7114 1757 18 2714
37 227 1720 17
5270 14 265 39
18 40 1262 17
292 612 8 4219
3 692 92 146
18 247 17 8
224 20 117 224
3 8 443 18
8 16 265 8102
121 54 265 3498
71 2323 71 1141
861 14 21 318
27 71 32 92
164 103 8 84
96 8 158 18
18 227 4500 20
2672 21 8 2353
26 188 186 17
314 318 71 29
3414 71 323 3891
4720 14 1913 5287
124 52 27 8
1389 96 30 17
2015 18 4970 71
20 614 20 219
1045 617 1320 21
5396 103 21 1218
645 266 219 124
1019 71 341 122
17 1018 29 293
6097 17 212 645
261 500 20 276
1 1 1 2509
18 318 54 17
4620 71 138 51
1526 14 8 398
8 988 8812 8
96 274 52 420
1025 8 4533 18
8 2672 5408 97
174 29 219 29
18 209 29 124
980 21 351 2483
8 188 5567 71
299 138 8 136
234 20 175 505
71 154 3 8
71 2668 21 40
824 211 1696 2227
20 22 2365 20
2555 71 212 23
92 1868 4377 71
1942 784 71 290
71 5443 318 30
1792 780 18 8
1262 2212 1232 274
1445 212 74 493
10 40 19 50
29 17 8 8143
685 33 4527 265
92 410 21 8
4284 227 647 92
905 18 107 3
1805 1806 1807 1808
8 7933 18 1632
71 138 11 2352
71 227 4982 14
124 2237 315 3
8 414 18 8
21 7307 274 1561
388 400 18 270
6962 75 8 2992
14 4710 74 5070
27 220 25 138
942 219 71 138
8 333 2581 1502
3 8 152 188
900 11 75 188
7790 47 18 8
465 21 169 29
14 40 188 4620
103 209 29 3
1 1 1 1
1103 290 1467 71
73 18 8 2672
224 1103 5603 103
26 322 212 930
219 160 1320 21
224 29 5628 30
8 1378 1143 80
11 103 1267 18
18 225 17 1214
71 347 19 7014
74 3311 21 40
124 1913 4720 14
262 1868 299 122
369 3 8 2945
8 6679 18 1212
24 51 479 480
290 90 8043 18
14 2683 138 340
27 18 8 8394
18 1262 124 245
8 7050 18 8
169 43 292 8
8 333 5950 3
505 71 290 2162
7183 14 7021 818
103 122 319 604
63 2669 103 227
220 8 126 21
907 11 7179 52
63 9027 14 29
3 647 18 26
18 11 17 90
18 8 3814 3562
8 126 1757 219
18 8 6648 14
4766 905 71 8
152 3378 441 306
92 22 934 31
33 4620 18 8
310 103 8 294
92 7207 17 52
3929 8092 103 40
1207 96 124 163
29 21 619 175
71 714 227 1250
8 393 290 4511
579 219 539 71
30 290 1422 558
75 227 1214 14
74 2348 343 245
30 14 8 371
632 265 29 592
3554 14 1718 71
1378 1445 470 468
74 562 3540 478
63 896 18 4882
810 395 25 3788
220 84 2418 103
54 74 157 20
181 8 4971 29
175 147 5031 612
8 2658 1212 949
98 252 101 8
234 40 702 92
8 635 103 8
14 3720 18 393
39 29 96 161
568 4105 21 227
11 14 18 3825
642 92 40 8992
219 3562 8 731
6492 96 6343 71
265 274 824 84
96 8001 8002 8433
71 211 169 3825
18 591 2522 101
5898 4640 40 1827
1 492 568 5056
479 122 187 21
29 19 92 4620
1025 75 71 323
103 234 11 1769
2677 18 8 870
2739 318 265 235
18 318 20 22
21 347 136 44
356 18 732 103
5588 71 1256 318
96 17 33 3276
21 227 861 20
290 505 197 17
519 142 169 40
2496 2963 18 144
2672 75 221 14
5132 5525 71 318
787 175 274 539
1214 149 3551 2633
4535 1025 17 8045
1017 175 538 52
29 124 92 50
75 811 52 306
17 241 1025 52
71 7380 26 1212
316 2096 52 25
1056 3120 1479 71
5155 759 274 8
14 941 29 756
2785 2786 14 2787
14 3787 96 75
1577 18 8 4969
693 197 290 22
306 124 855 14
1 1 1 172
1676 30 71 290
8 16 685 74
33 2557 14 1067
29 2323 6182 14
14 965 900 1210
14 2820 40 4092
4120 586 18 8
8 3832 290 265
126 21 276 641
14 17 33 2557
158 18 8 73
219 160 71 63
290 1357 71 8
17 1703 3 122
17 1045 30 63
1 229 64 592
3208 293 147 293
160 339 1188 2658
4901 71 227 697
29 219 810 227
29 4319 30 12
299 4365 1135 71
96 117 224 20
6933 18 138 45
51 221 5836 1
31 290 13 391
11 224 73 50
6933 18 3778 103
8 3406 274 1978
8 2781 18 8
13 299 11 5975
30 17 755 103
32 40 930 4488
227 3097 3014 299
8 145 18 813
4148 343 290 1383
29 557 821 347
21 8 1995 18
14 2927 40 47
229 71 3249 40
23 24 52 1132
3979 96 3 1257
4823 165 197 17
18 8 2621 18
8827 14 2409 318
715 17 8 1378
219 617 753 900
645 101 234 265
19 4177 988 1165
227 9383 4161 18
8 2351 18 225
3501 6726 92 23
247 3719 470 39
1000 18 206 6213
71 29 234 52
219 63 8 4501
900 4856 92 4555
3773 839 71 8
1103 3 899 4417
1 1 1 1
2682 20 214 8
92 1013 18 40
8 516 18 6952
8 1620 14 5788
779 219 160 52
845 14 2479 436
71 53 5208 1017
3843 7273 381 8
197 347 5242 758
17 40 6115 292
581 26 8380 18
71 2984 292 1334
193 17 71 290
18 2221 21 40
292 2481 14 41
40 89 4577 1217
312 8 188 12
17 1135 318 80
8 6892 18 6997
14 4074 299 4075
1191 292 270 18
40 5951 18 8
227 319 2531 3
1 310 632 8
50 21 45 503
265 1763 71 1285
440 14 266 467
8 2803 4591 71
1158 436 8 2353
63 810 40 1001
29 8 6603 63
318 54 5998 9
184 52 292 8
8 2376 21 1285
7428 14 71 8
1609 2222 21 8
8 4271 29 347
8 824 413 4105
612 8 4219 116
3 96 51 124
296 1788 17 122
17 71 341 40
1782 3672 20 214
8 162 980 17
29 8 276 2185
96 8 2690 18
209 24 96 21
74 40 2672 160
20 19 267 92
948 219 1103 117
8 5827 5828 405
71 8 3814 976
29 592 212 494
605 292 8 76
1388 71 8 697
75 52 4912 632
96 632 234 30
17 1366 4191 71
7451 5710 8197 8
1315 92 8 370
54 2345 71 2952
8 1985 18 117
125 14 7005 1479
4286 8 414 265
8 126 92 23
537 18 122 1182
890 934 262 8
245 33 2468 86
14 419 685 122
18 307 29 75
52 275 5805 8
21 8 646 18
8 3540 632 8
186 14 602 290
306 436 219 2395
4081 18 3508 949
14 52 21 8
14 23 547 934
124 84 711 8
52 227 1637 292
1042 71 216 1382
50 8 3818 27
2700 21 122 731
234 197 487 290
8 145 18 174
1316 761 181 18
292 8 848 14
3814 63 4011 169
614 1147 8 174
187 612 1017 274
124 4521 92 3714
193 96 17 5269
815 30 290 33
3906 2998 14 5179
4178 54 206 21
221 27 29 265
71 8 2672 265
75 6254 265 2446
40 2221 14 8
71 225 14 71
292 45 23 761
227 8545 21 1117
126 2672 103 468
18 1381 351 314
3814 160 617 212
290 8 4253 18
746 3284 18 40
50 27 8 1250
3855 92 272 40
34 4063 90 152
39 306 3789 71
4183 290 13 71
7485 186 685 30
12 395 1870 5950
949 71 8 174
1285 1740 96 17
197 40 432 92
18 52 214 1050
2067 14 8 2305
219 3806 3806 71
310 632 2760 18
71 4012 318 96
284 1798 602 290
290 567 71 3508
3949 1135 318 25
467 21 26 414
8 134 18 122
18 2147 21 1339
3821 5427 18 8
21 40 193 292
52 114 436 212
436 30 17 3944
17 399 292 1812
8 2908 18 8
617 219 63 212
14 74 17 8
18 26 3540 107
8 3406 292 227
262 40 19 14
18 74 206 20
54 209 2887 96
8 2581 92 3
235 52 1788 39
265 1103 125 1829
4727 18 318 292
1045 8 604 18
290 3804 21 33
4011 71 2728 494
8 932 2212 8
199 591 1128 101
5062 3 8 3400
30 663 2218 29
1000 18 206 6213
393 92 18 8
40 1280 39 1232
256 71 8066 71
265 699 318 71
647 14 3762 40
26 7122 3692 4535
206 14 858 52
32 40 1829 218
3528 299 2125 14
8 617 192 6888
3 11 2352 52
3926 1422 29 8
3406 14 23 8
27 71 211 2949
39 3 284 175
4905 3 8 2353
30 292 732 21
1508 18 1590 174
318 20 40 7751
290 52 20 402
19 50 3 8
744 21 96 895
29 51 124 52
7590 8 16 39
1221 30 17 29
32 30 2672 12
566 18 8 1013
1862 14 50 290
18 8 3814 92
310 976 8 1378
18 9308 14 275
905 29 17 3
40 1788 71 256
3681 3 8 1985
97 219 602 63
206 18 8 930
293 1599 1769 29
21 26 391 8
21 40 8926 252
54 8 398 18
310 632 7490 21
1 1 1 581
92 4136 29 30
8 403 18 11
1614 21 40 3134
1 1 1 1
30 1366 401 2914
7015 265 274 5119
2712 14 275 1163
22 761 14 22
2992 600 2672 265
71 40 3540 2271
1842 18 40 193
679 234 40 19
381 122 47 17
4188 8 2702 333
934 17 3 5061
8 688 3456 505
1930 14 35 18
54 103 1501 18
648 29 265 75
225 290 13 824
290 161 20 19
52 21 135 319
52 292 178 39
71 290 1135 25
24 92 29 602
21 688 604 206
2154 14 3 29
492 265 1769 175
1811 779 71 11
4612 636 602 756
152 3851 14 945
75 13 8 294
8 6138 17 40
14 143 124 39
2890 3480 292 24
122 123 162 71
44 8 860 47
2874 92 1504 18
5711 14 1561 318
18 8 3818 568
17 52 73 17
17 234 26 592
1 1 1 365
520 18 8 6920
247 2996 160 4517
294 18 332 14
71 53 8 1764
2874 214 20 30
174 175 147 1047
4682 14 152 153
219 90 2593 2659
172 63 2756 292
400 18 8 108
17 52 71 53
1286 136 245 161
5822 96 3 8
318 20 160 52
71 244 245 8
8 1193 18 4270
2272 2273 18 393
381 8 1165 47
8 2659 122 4162
29 7590 8 16
175 355 3 5026
263 1769 17 52
8 7953 18 54
624 390 318 4361
17 212 444 21
318 219 2912 3786
26 1977 18 304
8 4572 4502 124
617 5091 14 6822
2728 18 728 197
6742 632 29 30
71 3848 29 18
811 8 188 186
409 462 19 3
310 8 1378 7286
596 685 479 579
160 848 80 20
54 5422 18 100
3415 3494 18 73
30 17 272 26
1 1201 19 17
125 2119 21 3004
124 1135 51 3154
1035 18 6868 97
272 54 4214 40
199 20 71 53
17 2384 292 8
30 71 290 754
8 2084 71 290
21 435 602 1403
1022 18 2998 124
18 2027 14 103
8 2672 75 117
124 8 4968 3579
2110 18 467 197
265 17 8 188
1 1066 8 259
1 581 8 126
126 3703 18 8
718 124 161 40
1 1 1 229
96 5650 14 3772
1953 1000 18 2934
8 1609 1610 14
8 440 71 8
882 18 38 14
39 71 63 8734
52 599 39 29
2672 8 2110 18
1717 918 71 290
7477 219 274 390
18 604 25 199
759 3810 18 294
175 274 539 18
316 40 930 186
1 1 1151 3734
340 12 40 450
1 1 363 360
1088 1381 578 8
4925 18 635 3
18 690 1821 71
18 1270 21 8
3 8 188 579
29 219 1480 4189
92 890 759 1799
21 40 4987 342
335 737 18 8
25 4167 63 40
1908 124 8 126
704 467 39 265
8 126 21 122
2217 17 71 32
36 20 71 8
96 630 811 3
332 103 227 590
470 591 101 40
852 40 418 731
18 5573 8 3832
8 440 343 290
199 17 8 126
1191 92 497 71
6235 18 206 2355
92 292 5003 71
435 2750 20 29
188 290 4650 92
3415 14 8 398
8 6000 71 1320
19 71 125 29
219 2738 30 17
96 1764 1260 3338
18 8 6345 6346
480 14 232 30
2586 14 7272 18
74 20 17 1180
181 71 11 14
23 29 265 17
290 52 224 707
8 649 604 54
71 290 20 199
265 29 17 2368
101 292 23 206
2772 1308 20 1603
609 29 17 197
2545 1479 71 8
146 343 4417 71
18 6067 38 7334
18 293 7187 1788
227 870 161 227
18 2092 14 270
30 75 52 2418
163 318 3 17
8 3378 18 8
6396 227 532 30
2483 18 11 3
38 292 40 38
747 29 17 71
5898 4640 40 1827
1 1 1 229
29 30 274 290
1 1 693 8
124 84 1827 29
930 5296 234 219
160 1306 71 334
18 19 20 12
8 9281 18 1421
31 335 4915 39
8 279 18 8
71 290 2756 103
18 40 19 29
32 145 14 299
17 5393 71 8
96 7336 122 188
8 410 247 18
655 80 23 279
787 29 52 8
2551 1884 92 2187
40 3134 52 18
274 4417 58 142
3268 759 21 3271
146 39 29 96
4646 21 2671 12
1 1 1 363
580 836 3730 586
18 3107 3108 14
8 1244 14 922
4646 124 567 71
1116 265 810 1135
290 3804 40 3838
71 290 3197 96
103 318 8 514
212 591 40 332
3858 39 839 21
11 18 3778 71
103 8 294 18
2887 103 197 17
47 14 4195 900
596 1349 40 332
391 20 266 197
75 8 5827 5828
492 30 17 505
895 206 479 21
96 2671 219 90
400 1632 71 290
40 1368 4268 18
4183 90 71 256
8 126 17 1018
18 135 319 174
2672 18 174 17
161 8 2622 18
20 292 2351 2695
224 4620 18 206
40 19 235 17
17 13 890 3
2483 614 1754 292
23 80 436 30
1914 18 214 7555
1447 51 211 1210
1873 18 186 39
101 340 75 2992
2672 39 272 8
29 197 160 1510
4639 3 8 4638
40 89 868 18
21 40 494 322
2992 274 4699 21
40 2483 71 40
71 263 39 71
29 197 17 1260
175 147 3889 351
18 209 29 1061
33 2062 18 174
8 1132 3 8
941 18 1490 14
29 604 197 75
18 8 1387 492
5129 30 17 21
348 390 8 3689
290 7523 1232 214
3768 71 8 332
71 2668 3 33
147 8652 318 20
604 18 3412 71
197 487 52 80
21 2143 14 4204
216 227 357 103
18 8 3921 4934
2782 3 224 92
160 39 25 22
6067 3406 3891 103
7233 592 40 2483
26 8457 307 71
8 4620 18 2345
494 2827 2828 381
290 2774 299 8
18 54 17 153
515 759 1528 759
160 3442 1144 71
18 54 3079 29
5056 14 265 274
8 2203 29 31
71 8 3734 92
612 206 14 4679
1 1 1389 26
8 2129 1144 17
7762 7890 110 18
3 19 1502 154
846 29 96 17
39 71 8 2058
405 568 122 319
11 632 124 1218
1 1 1 581
92 1665 18 40
293 1908 71 11
17 374 18 2461
52 306 102 39
29 2045 318 836
20 54 23 3079
1730 1019 71 458
224 18 8 1694
299 8 1378 17
3924 8 1904 265
274 5066 21 8
8420 92 8 877
39 71 686 293
8093 409 23 21
40 493 17 21
17 52 1306 272
3808 8 2945 3832
18 3939 154 14
14 2901 224 225
694 4502 3989 18
71 8556 8557 92
3727 75 21 8
40 4307 29 8717
50 51 52 53
18 227 254 52
8 1270 1271 212
71 117 19 71
50 316 3762 1575
7806 265 2730 20
36 219 147 1701
2227 6817 6818 306
8 4555 20 21
3824 3 8 2991
29 265 17 8
310 21 26 2672
1650 18 224 785
2581 92 7412 292
26 20 2490 14
1557 29 124 92
29 898 1376 101
1445 3385 14 5631
103 102 1933 17
256 8 2353 29
306 8 2916 39
21 8 389 8119
5556 33 1434 18
124 52 1272 71
8 1434 21 1727
3832 29 4031 71
63 1275 40 5195
3307 3256 40 19
51 221 29 5056
2639 2621 96 2640
484 17 52 122
2984 17 2435 14
8 375 18 7490
124 1727 14 7827
122 870 20 265
259 18 462 206
3 104 186 219
467 197 17 212
18 2076 92 224
142 8 2690 21
2389 18 8 2658
14 275 1561 30
30 17 40 493
410 2092 92 2497
18 9320 262 8
