41 2745 116 10 3997 46 392
10 197 46 392
31 10 407 46
2644 78 2704 5148 31 890 3318 31 758 1232
505 2533 34
998 783 2612 4258 111 46
118 4072 22 3446 288 3 305 52 12237 20
328 8 668 50 10 787 46 8255
396 2624 62 669 58
2470 8
267 2575 43 121 183 31 4459
4 1262 10 1627
8 10 352 22
2754 1233 244 2568 783 2107
15 783 8486 55 783 2568 59 15 872 8
24 1317 3556 8 1585 2620 669 4171 38 1585
31 661 504 102 92 59 15
392 38 821 464 2687 43
10
532 3140 10 4645 10 2545 2690 43
384 22 24
6936 58
2855 127 218 113 22 872
31
2525 129
877 388 51 328 62 427 2854
46 178
4 234 14022
456 59 505 668
406 6314 841 121 4062 31
406 55 267 41
2603 7377 1548 31 3571 322 38
822 46
841 10 1111 46 7767 31
1098
121 1034 23 267 278 1096 55 14
5700 31 2847 125 841
3004 456 113 15 3273 38 10 1189 46 748
3111 6419 188 748
31 2524 61 91 1354 1030 31 154 61 91
2494 150 5346 8 5274
3198 3831 8 716
102
1702 125 305
46 8389 243 8194 31 8390 10 2099 46 9371
77 288 72 15 1610
55 668 8 2571 162 22
38 10 1189 46 10 4062 31 3259 1277 10
841 449
1705 218 10
1838 31 1813 125 38
669 108 15 10 1296 46 663 1010 8 10
356 411 3180 719 1077 2836
10 1134 46 121 392
4131 43 921 31 15 5188
2387 456 5757 302 43 14 841
31
55 346 4290
10 406 62 59 15 43
50
134 343
442 4415 31 121 419 387 218 3 23
783 14 431 150 702
1916 7448 64
10 1189 46 61 3936 38
10 352 31 4 1430 966 560
786 440
234 1527 829 33 10 389
5060 46
456 5741 14
1010 78 1168 1273 38 10 488 55
4 2117 570 43 196 31 59 43
85 2324 38 10 85 2325 197 72 55
46 10 6284 456 1449
246
356
121 3204 43 8498 31 387 8509 125 43 10
15 951 456 15 5188 2793 10
46 374 356 545 456 10 4239 10 4470 6397
1062 8 570 417 121 1173 41
41 10 4529 46 10
748 757 3 5735 748 64 46
15 181 1294
1916 220
46
10544 38 218 10 39 55 61 1145 150
108 102 4 50 102 1056 150
1134 46 10
31 446 106 1707 2373 456 74
41 269 31 504 178 2653 41 821 425 356
1010 160
10 662 456
59 178 126 349 33 54 178 396 4620 267
872 8 178 1173 8 5502
328 46 10
356
31 218 374 656 8187 31
46
79
805 125 31 669 62 15 1611 188 3007 31
