12407
18567 18583 18587 18603 18671
33437 33441 33445 33449
12679 32205
12571 12575 12695 12703 12875 32201 32205 32213
33433 33441 33465
12579 12583 12595 18815 35185 48651
12347 12351
12847 33465 34889
34917 34921 34925 34929 35149 35153
18831
12547
12831 18459 18839 18879 48675 48687
12691 12695 12699
12387 35157 35185
32213 33449
12723 12731 12747 12755 12767
12575 12591
18795 18879 20803
18755 18759 18763 18767 33425 33429 33433 33437 33441
10295 10299 10303 10307 10311 10315
12747 12847 12851
12607 12683 18475 18551
12463 12467 12471
12331 12339 12583 34921
18787 18827
12715 12723
12487 12695 12703 12875 32213 34885 34893
35185 35213 47945 47949 47953
12723 12739
10327 10857 12479 12627 12643 12663 12667 12691 12763 12779
10291 33465
18727 18787
10307 10311
12779 48707
12675 12875 12895
12479 12631 12819 48707
10303 10857 12743 32197 32201
18599 18855
12895 18507
33453 33457 33465 33469
12467 12479 12483 12491 12527 12531 12535 12627 12671 12687
12411 12559 34909
34909 34925
10829 10833 10841
12351 12355 12359 12363 12367
18427
12621
10307 12679 12879
10315
12819 12823 12827 12831
12695 12703
12327 12547 12555 34909
10307
10853 10857 10861 10865 10877 10881 12459 12463 12467
12679 12683 12691 12703 12827
12691 12735 12763 12879
12615 12755 12767
12759 12779 18587
12831
32197 32201
12895 32201 32205 32213 34885 34893
10319 10335 10339 10861 10865 12483 12487 12495
12703 32213
12431 12523
10845 12547
12819 12823
12871 12895 12907 30283 32205 33429 34889
12483 12603 12627 12631 12683 12695 12715 12719
35185 35189 35193 35197 35201 35205 35213 46281 46285 46289
12743 12759 12763 12831 12903 32205
12471 12883 18643
12621 12827
12411 12507
18551 18555 18559 18563 18567 18571 18583 18587 18595 18599
12659 12663
30327 54657 54669 54673
35181 35185
10307 10331
12339 18819
32205 32209 35201 48667 48707 48711 51929 51933 51937 52421
12747 12751 12775 18619
32197
10315 10331 10339 12487 12683 12695 12703
32197 32205
12683 12691 12695 12703 12715 12723 12895
12511 12515 12519 18639 18647 18651 33457
10295 10307 12615 12663 12775 12779
12551 12555 34921
18731 18735 18855 20807
12431 12663 12667 33429 33433 33449 33469 35149
12299 12403 12419 12427 12443
10315 12831
47953
10315 10331
12487 12491 12495
12679 12695
10829
12487 12571
12663 12679 12827
