67 129 82 117
161 213 270 358 19 215 287 445 456
11 55 40 54 95 128 94 43 279
31 8 67 90 96 18
70 97 181 117 756 77
111
97 9 98 18
1 45 15
344 181 20
311 431
57 24
2 1 96 47 45 18 13 90
193 151
70 67 14 24 118 72 27
297 221 138 98 282 100
117
249 146 297 289 156 104 102 138 459 226
1379 1711 416 1653 1635 1648
657 654 760 124
324 399 400 519 344 430 20 283 464 618
80 350 81 248 200 7 266 309
156 183 139 196 249 641 337 229 561 1809
376
181 59 117 118 70 26
275
532
13 30 117 30 430 20
118 8
45 33 1602
442 692 252 401 30 391 431 311
46 155 2 117 131
122 424 435 428 473 455
662 360 383 162 308 384
10
2503 185
45 147 18 8 21 36
96
101 111 328
1185 1186 1113 1117 1190 1121 1183 1197 1192 1175
98 324 181
135 131 18 2
21 37 97 98 118 57 14
1717 1726
429 1172 321 329 320
283 319 18
131 142
57 68 31 50
147 131
140 161 1822 148 124
57 10 37 82 181 118 14 21 59
36 131 21 98
493 326
147 14 57 67 131 124
432 310 391 586 453 442 252 431
32 48 36 14 98 17 155 131 45 33
1064 1565 1598 691
45
15 32 147 131 227 8 44 50
47 15 50 21 1 59 155 147 13 131
98 282 67 36 181 24 221 59
13 48 33 1
30 10
113 470
170 177
80 494 181 506 51 420 67 81
382 439 321 340 355 386 576
10 21 129 90 8 44 37 57 142
183 139
37 117
57 10 14 21 24 82 59
47 14 24
319 48 1 324 470 412 464 49 131
90 13 30 44 31 8
588 595
1034 1050 1036 1062 1053 1049 607 491
17 1 46 48
912
67 31 131 129 142 295
42 73 119
31 68 70 67 97 98 181 117 118
118 117 25 54 77 304 95 40 163
254 151 193
117 36 25 40 126 33 126 401 311 432
181 104 70 98
32 47 33 45 1 33 155 147 135
26 70 97 82 98 117
2503 168 253 151 153 193
18 17 46 48 47 1 33
73 119 166 121 222
383 308 341 384 126 586
81 494 326 255 81
3297 3313 3313 3297 605 2656 2629 2300 345
30 31 68 24 70 97 181 98 82 117
145 233 510 248 326 266 177 175
17 1
47 96 45
98 117 118 279 216 376 129 295 142
68 30
72 63 182 109 89 127 28
18 13 90 8
