521 522 777
1097 211 87
368 1988
218
987 6 55 3
1748 378 568 148 4872 492
333 11 6
3800 2201
3416 3383 3131 1656 3631 474
6884 2819 4509 2067 2336
4 490 6 376
11 6 56 356 230 237 3473 5572 135 136
4900 2819 4611 6167 10201
719 722 3758 2389 2980 730 2981 2423
6 43 281 64 278 28 7
2849 1956 49 205
916
6535 5 3 6487
6 2 55 1144 4594 77
6 55
7468 739
3560 2153 11 1 1489 6 1885
438 445 8497 496
928 1 6 1741 3664
342 56 2026 4059 303 155 688 259
55 2435
7 1956 49 205 3908
7 71 135 567 568
534 136 148
136 1101 438 455 1023 2333 871 837
6 55 294
8629 343 1769 2
6580 83 7 205 4361 1507 1509 925
11 218 6 9477 827 1751 3 3959
512 1694 1695 1696
2282 3 3776
11 218 40 659 6 3361 138 3573 4707 255
446 4579 4580 447 3981 4581 3982
506 4660 11 3357 27 987 1 218 6 3692
3276 1956 49 205 8865 7857 2809 1960 2852
27 1 294
10622 9332 9333 6907 1079
541 3 106 710
6 55
11 6 662 136 1101
11 27 1 218 6 10411 1909 4211 4103 41
3254 1455
3120 1865 2270 235 1464 3187 237 2271
5683
1305 1351 1362 1373 1384 1428 151 11 7776 1569
1646 5254 1981 800 1536 361 158 368 2952
119 560 64 7 434 446
1715 628 118 135 573 494
1393 1394 1395 1396 1397
11 1 218 6 20555 5914 247
397 1481 866
885 2357
1596 6 351 989 296 4685 3692 3693 4962 303
8455 1894 1836
2009 218 6 303
1696 1698 1627 1699 1112
1534 540 1121 90 281 829 240 2181 6163 6164
1387 1388 1389 1390 1391 1392
5338 4372 11783 3915
1037 670 7 591 2396 3925 1775
688 232 2267 930 3647 259 4728
356 3
5097 5098 5099 5100 4833 4834 4835
1858 537 58 3518 3607 972 523 588
737 452
6 1862
2914 126 131 64
11268 11269
6417 6418 9155 4074 9156 5924 934 3276 1956
77 3102
1529 5408 77 148 667 438 445 17242
5954 491 7811
6 5169
3454 808
3385 1168 510 2118 2119 4443 800 254 361
11
138 358 255 13593 148 446 677
666 303 138 1144 4690 83
11 509 314 6 1168 1065 364 1515
3569 531 148
980
2800 8939 11769 11097 3900 11770 5837 11771 11099 8701
987
5948 5039 5127 1455 89 303
214 1868 3567 3638 135 423 77
4076
934 7523 49 3691 5930 2229 879
1850 1 6 254
205 1507 276 1155 897 319 2243
8325
746 4361 925 3286 2396 11664 10566
2116 11
1478 3493
4369 812 243
4647 4585 640 4655
