219 63 1293 896
21 3689
14 8
290
5086 6754 8
2930 29 8 2930 4934
5344 71 5346 381 318 103 4316
188 186 17 40
682 8856 18 5056 265 1769 75 103 8
206 97 265 50 316 2078
18 11 92 18 19 30 50 290 230 315
924 290 52 521 1383 21 224 19
160
878 2212 347 898 18 192 899 17 29 51
18 224
388
3164 342 17
18
25 17 1165 71 8 174
1599 1769 18
8 214 3353
3352 532
583 299
632 90 315 21 8 6887 2687 7998 96
1159 3 347 1160 18 102
8773 8 8774
1356 92 5734
92
8 624 90 9054 14
14 80 21 1367 18
21
117 19 214 122 319 824 14 4677 306
3 33 2350 92 40 52 614 5019
292 8
17 8 193
8506 170 245 3
8 2123 18
125 74 879 880 299 227 881 71 125
1 1 1 1 1
229 8 5228 18 3389 802 292 318 71
21 8 2483 18 2586 8712 20 219
8085 2227 4105 1799
40 188 265 29 4670 343
122
4555 197 214
27 20 54 23 718 63 395 685
1056 3046 21 54
749 63 6704 14 8045 976 292 8 848 14
46 898 8 4953 18 122 831 5975 5643
4316 25 5306 39 8
2672 14 52 3 647 18 122 186 265
632 211 443 71 209 29
265 50 5683 307 14 1474 122
290 39 206 20
21 54 206 470 235 290
52
17 885 169 3 8
3 33 4798 436 219 160
1214 29 17 71
2344 18 224 1200 3457 14 3401 11 3470
1318 71 893
2227
5435 18 688 604
8087 20 3206 21 73 39 410 21 2581
8 126 641 20 8 478 18 1842 1275
54 553 265 810
292 227 1023
1640
122 319 14
125 30 3 186 811 318 617
8
8
934 227 1204 20 637 20 8 934 17
14 4895 2896 224 47 18 1178 117
3689 3690
26 357 17 8 1696 18 293 1599 2212
18 117 19 2227 122 5112 124 199
32 40 746 3734 545
39 21 935 2682
29 1387 96
71 290 6859 600 347 3511 6860
4175 262 307
8
40 192 567
30 17 1422 29 3831 7832 6308 1529
18 8 1132 75 52 3
996 92 292 8 925 25 51 2728 307 52
20 175 125 3 351 934
103
122 2376
17 1192 1422 21 146 29 3486
14 1561 519 7623
3567 33 868 124
8 690 219 124 71 537
7305 7306 3 96 219 160 1320 21 393
440 14 80 30 75 90
29
500 103 557 17 40 558 29 212 19
14 3869 8 4946 818 1913
2355 17 8 4132 18 11 2588 292
