14 1 7
1 11 1 2 1
1 12 1 4 1 11
11 17 11 3
10 2 14 2 10 14
15 10 1 12
11 1
1 5 1
7 1 12 1 2
1 3 1 14 1 4
5 6 9 2
6 2 6 2 6 2
12 4 5 4 5 6 10
7 4 7
13
1 14 1 11 1 11
6 10 2 6
1 11 1 11 10 1 11 1
12 1 2 1 3 1 12
9 10 12
3 1 2 12 1
9 4
7
4 2 4 2
2 7 1
12 1 12
11 1 11
2 1 14
2 7 1 2 1 4 1 6
14 1 14
7 1 12 4 7 4 7 4
5 2 6
1 2 1
1 11 1 14 1
2 1 10 1 6 7 3 6 1
6 2 4 2 4 6 13 6
11 12 1 7 1 3 6 3 1
1 2
11 1 17 1 17 7 1 14 1 2
1 9
2 1 2 1 3 1 3
2 1 3 1 3 1
2 6 7 2 14 2 6 7
1 11 1 4
1 11 2 1 2 1 2 1 3
7 1
1 3 1 6 3 2 1 10 16 5
7 1 6 14 1 2 5 6 14
2 1
1 11 14 1 14 1 2
2 4
3
12
4 1 4 1 4 1
7 12
4 7 4 7 8 7 4 7
15 6 7 6 7 6 3 11 10 11
10 1 2
15 7 6 15
2
2 1 3 1 4 14 1 4
15 6
1
1 5 12
11 9
5 11 8 3 12 14 2
9 1 9
7 6 7 6 5 6 10
7 4 7 4 6 7 1
7 1 12
15 5 15
1 2 1
1 7 1 7 1 7
1 12 1
2 1 7 1 7 1
14 1 2
9 7 9 4 9 4 9 4
1 6 1 14
3 8 4 7
12 14 1 12 10 1 12 1 4
7 4
2 1 2
6 7 9 6
6 7 6 7 6 7 6 15
3 1
12
12 3 11 6 1 2 1
1 6 1 6
1 12
6 10 15 10
6 2 1 10 2 1 6 10 6 1
3 9 1
2 4 1 2 1 2
13 9 13 9 6 9
2 1 2 1 2 1 2 1 2
1 4
1 14 7 1
14
4 1 14 1 14 1
9 1 2 1 2 1 2 9 1
