42 144 47 163
1 72 95 2
54 24 42 27 34
117 7 18 118 47 121 24 29
23 58 15
32 26 11 31 35 14 70 53 42 114
53 26
259 22
14 52 8 2 9 58 15 12 53 17
117 118 81 139 9 143 144 177 77 245
9 29 83 10 12 72
43 85 32 86 35
64 24 45 52 26 38 27 59 114
117 1
36 78
74 42 78 79 114
44
154 181 47 50 209 245 247 253 43 56
21 38 8 13 39 16 40 14 41
46 17 71 18 65 23 3
57 8 1 9 103 10
57 139 20 143 32 144 146 12 18 149
146 149 14 150 173 40 45
2 35 15 36 46 38 47 53 110 6
80 70 51 78 79 110 33
36 38 41 24
41 14 27 53 110 4 117 119 43 139
2 67
246 18 247
32 143 33 67 146
139 5 143 199
23 72 78 12 79 113
124 133
8 7 33 9 25 10 40 72 11
22 35 78 23 34
118
17 44 18 35 94 20 81
255 11
135 39 138 7 143 34 144 145 61
86 30
245 19 58 67
59
74
35 11 36 33 113 6 39 114 40 117
133 53 134 97 143 146 25 62
47 149 18 150 50
36 40 247 13 253
114 14 21 117 12 118 120 29 132 133
309 30
11 36 44 245
80 165 65 166 176 245 39 49 250
117 133 9 143 146 15
118 144 5 246 17 23 40 51 253
22 72 24
22 25 33 173 32
117 59 121 16 39 123 6 15
66 146
70 54 78
35 21 31 36 53 113 5 117 119
61 39 44 17 45 111 30 35 117 132
144 177 181 189 190 245
60 5 12 29
35 34 36 56 110 11 117 118 43 120
253 45 49 259 7 39
52 72 23 29 47 73 39 22
110 118
44 60 36 37
1 12 52 4 5 8 6
45 57 132 15 47 133 21 30 141 58
118 52 120 21 132 43 47
5 114 117
246 7 13 253 25
1 8 17 51 57 9 13 58 63 14
16 20 31 35
1 57 68 4 6 47 8
143 151 12 195 245 58 71
114 19 117 4 118 119
32 254 44 49
41 84 78 79 110 7 113 43 117 29
14 21 55 17 18 20 1 54
136 35
14 24 255 256 20 262 39 280 13 283
13 15 53 55
22 57 26 31 20
13 22 8 6 23 9 69 27 57
37 20 10 21 26 1
79 47 245 23 246 253 16
27 46 38 70 53
26 1 38 40 56 57 110 6
66 22 23 10 32 26 5 40
17 39 19 47 26 31 43 35 36
1 139 143 146 85 149 150
7 118 33 120 132 3 139 23
78 79 50 110 9 21 117 1
23 15 45 68 17
8
13 55 26 27 47 33 50 28 54 63
35 32 48 53
31 75 98 35 62
50 18 46 68 20 14
