1616 1628 329 1618
254 99 166 253
427 473 124 222 168 161
126 252 391 310
315 430 399 464
47 147 2 131 18
104 274 102 948 297 51
117 611 97 20
70 36 10 37 21 117 8
124 121 168 27 51 254
50 21 147 131 36 90 2
37 18 36 30 96 70 98
1250 1267 1414 1357 1941
12 526 171 7 23 309 145 178
42 124 27 51 29 166 140 119
31 21 68 37 70 67
3 28 182 63 72 420 187 51
46 131 44 50 155 306
57 14 24 33 59 36 306 490
977 1036 444 607 1026
17 155 2 135 68 489 17
49 471 18 17 324 1
306 243 490 493
67 68 70 97 98
59 82 181 117 36 251 290
155 135 147 131 90 2 31
142 216 44 8 111 50
70 97 67 98 181 117 118
48 45 47 17 46 33 1
148 981 133 748
478 1758 122 572 2723 581 384
1007 1004 420 1333
98 181 118 50 18 31 48
1689 1689 29 27 99 120
1 47 48 45
565 204 512 494 490 130 4
48 17 1 47
51 99 222 27 73 121
32 147 131 155 13 18
1039 497 1026 1053 1000 1034
279 142 264 323 275
48 15 155 90
620 1034 1036 162 873 27 29
135 131 90 2
296 322 165 292 137 277
178 362 490 248 4 200 177 349
48 46 1 47 45 15
37 31 70 68 67
43 142 279 202 295
161 225 98 29 185 27 124
23 255 349 28 370 325
147 2 13 18
47 32 17 1
117 279 264 164
44 50 57 10 14 21 24
10 181 98 401
82 21 98 68
17 131 50 70 117 49 33
44 50 57 10
17 17 17 17
139 289 249 196 86 274 641
10 17 47 24 37 1 48 36
147 8 37 161 24 121 148 29
167 44 225 29
401 310 311 391 432
391 431 432 453
126 453 715 311 415
81 326 306 385 3 243 63 109
57 8 98 67 68
15 155 90 8 2 135 50
101 328 136 111 26 216 81
67 135 70 2 8
33 2 17 48 46 1
154 98 274 146 102
57 10 21 14 82
96 14 24 30 147
475 210 291 1508
13 129 21 24 44 90
538 854 875 876
97 181 117 98 118 129 142 202
97 117 400 366 344 70 430
565 200 233 7
222 168 151 99
2 131 13 18 90
17 147 45 48 70
328 111 101
17 46 33 48 47
33 155 2 147 135
15 1 47 33 155 2
47 15 48 49
391 586 310 432 431
211 362 130 232 4
29 98 27 148 140
98 44 131 37 1508 117
17 1 48 46 47 45
1296 1243 1687
17 46 48 45 1 47
224 179 104 102 274 154
342 51 448 1244
437 437 472 498 411
156 183 138 139 289
1336 1342 1340 1341 6
543 329 320 336 423
337 1029 1013 491 497
365 1134 1180
129 142 202 279 295 216
30 67 17 48 1 45
18 532 366 400 98 181 117 118
13 30 70 181 283 618 324
435 308 162 103 792 474 424 341
283 430 464 519 22
1520 131 13 90
511 4 338 130 362 233 565 356
362 204 211 233 506
155 18 147 131 90
586 70 431 98 181
181 21 24 82
44 18 21 181 68 13
249 289 139 345 765 823
185 253 124 2503 153 193 192
135 147 131 90 13 44
131 18 30 31 68 70 135 118
1964 1893 1971 1965
131 399 618 464 13 18
228 130 541 262 200 248
527 175 130 145 211 177 234
376 275 43 137
37 68 36 67 98 97
382 355 340 351 352 1147
1149 1134 1142 1150 1180
147 2 18 67 68
165 180 277 264 236 296 322
46 50 48 1
1479 538 1495 1483
44 10 37
1106 585 539 1110
1725 1732 687 581 709
48 47 97 155
228 23 248 266 81 26 243 490
493 7 23 200
98 37 21 24
142 295 59 37
36 82 117 24 70 21 98 37
274 297 310 415 126 252 391
36 70 37 59 98 10 14 68
323 216 376
889 896 898 866 776 782 784
203 205 239 245 246 237
211 362 4 145 494
72 182 28 92 112 80 214 30
512 266 4 362 81 490 233 510
37 31 10 70
13 124 120 73 153 2
70 97 1018 273
119 254 229
32 135 131 24 68 70 97 118
1 31 33 45 47 15 118
323 111 136 376
18 33 412 47 17 90
454 314 293 313 505 9
68 97 124 254 72 140 166
128 94 95 295 165 292
182 3 51 72 63 28 109 302
98 118 124 124 27 51 72
47 15 32 45 33
30 18 10 14
1205 30 72 1058 109 80
360 663 514 98 162
197 104 86 100 297 221 274 282
153 167 161 120 140
297 274 100 454 5
24 147 82 59 37 36
30 70 98 97 181 117 118
46 155 147 131
137 292 296
155 2 147 50 135 131 14 18
173 11 55 304 54
293 505 150 507
5 241 505 9
32 15 47
36 30 98 98
2541 2790 213 1901 1896 1904
147 13 505 132 8 24
98 36 18 117
21 1689 36 10 37
7 211 233 266 175 350
208 228 266 145 211
2 109 139 641 274 138 124 102
21 82 59
96 67 97 21 37 24 117
459 467 226 343 543
155 147 29 13
50 31 10 14 97 274 36
309 211 233 271 338 526
32 15 1 49 147 8 155 90
322 43 236 296
37 70 68 97 98
2503 254 124 193 185 119
49 47 8 45
147 2 131 13 18
1 46 48 45 32
355 374 380 336 329 361 354
117 21 67 59 68 57 14 142
138 104 297 274 221
17 17 17 17 17 17
323 216 129 279 328 142 164
50 44 8 21 36 30 18
541 493 171 7 23
104 221 102 297 100 274 282
21 59 24 166 151 37 14
330 63 3 72 3267 302 182
170 81 326 243 234 506 208
13 30 131 50
205 77 163 239 237 173 11
2 13 30 96
80 511 182 130 12 234 541
48 33 32 45
30 37 82 36
611 22 618 315 519 20 30 319
310 311 401 415
57 21 10 24
101 111 376 328
10 24 98 243 565 493 506 204
572 739 616 743 122 308 816 581
307 584 637 436 499 521 619
130 145 204 177
2 50 57 21 59 30
1641 1652 1654 629 808 92
49 15 155 13 31 2 147
30 31 30 57 13 14
145 243 326 130 248 171 338 200
73 166 222 167 168
311 203 237 205
350 170 298 109 63
17 1 48 33 46 47
440 360 122 162
236 296 163 173 245 77
131 96 13 129 8 44 50
57 14 70 118 32 33 147
131 30 68 67 70
67 30 181 59 193 96
589 587 2159 636
96 181 117 37 756 94 163
47 45 15 32 48
297 274 100 282 98
181 90 97 82 70
1574 1580 1586 1589 1584 1588
171 494 338 23 356 7
107 263 592 468
386 352 417 380
820 197 100 102 297 221 274
1456 1460 1469 1463
68 96 10 98 59 70 57
506 200 262 248 228
383 578 588 595 974 384 680
328 279 295 202
47 15 13 155 8 181 131 135
129 97 124 437 197 713 1689
86 102 274 221 100
137 43 165 116 180 296 236
29 27 222 166
44 31 30 36
119 121 73 21
181 117 118 21 24 82 59 36
241 242 125 3 80 182 63
511 350 338 356
59 117 57 118 124 51 166 153
337 27 99 133
70 59 36 181
109 325 349 72 80 370 182 28
57 118 124 51 166
313 708 297 1169 662
31 68 70 181 97 57 98 10
70 181 142 117
1027 1062 1026 990 745 1053
73 72 119 121 2503 153 193 225
1772 403 276 346 359 1307 1311
48 1 46 67
115 117 17 1 46 45
8 44 50 57 10
45 32 15 48
13 36 29 18 50 30
181 50 36 117 118 10 82
277 165 137 236 295
266 262 248 233
341 122 480 308
57 96 59 36 104
125 2 44 24 90 181
155 90 2 13
1350 1326 1347 1328 1990 500
309 4 204 255 3
431 13 37 96 147 90 126 50
654 653 760 685
25 77 163 173
121 222 124 193 225 185
204 199 177 178 170 208 7 200
47 33 32 113 470 13 324 471
181 13 70 97 297 98 31 117
507 505 9 150 293 115 241
57 14 104 98 197 221 297
196 86 86 297 221 274
90 44 8 30 31 50 14
98 147 46 50
248 233 575 494
24 44 14 10
338 176 204 23 262
855 182 702 51 706 3280
253 2503 168 151 193 161 192
192 121 29 168 27
27 29 120 133
232 493 565 23
379 248 1203 3 63 51
90 44 8 68 118 70 155 36
99 29 166 151 185
103 308 534 345 188
21 18 135 2 50 13 90 98
82 14 21 68
2251 2007 2247 2248 2256
1667 269 1667 152 1667
228 262 494 248
70 242 37 155 96
1013 1027 969 1029 1004 444 1015
264 296 292 142 165 116
350 565 309 512 506 510 356 176
193 225 167 254
556 442 415 692 391
128 94 1075 1083 281
29 457 902 912 1071 1040 168
131 90 8 30 30 31 13
177 178 200 232 208 228 262
31 97 98 147
98 181 70 117
511 44 248 527
14 96 181 21 82 37 59 36
59 147 70 13 2 96 44
176 350 175 541 130
279 323 142 264 164
243 306 511 565
117 181 96
737 30 51 3 63 72 447
131 13 135 2 30
404 417 361 373 1314 351
21 24 37 36 104 86 98
117 713 722 732
33 17 48 47 1 337
30 181 13 118 33 1
977 1036 745 607 491
103 557 308 263 360
103 162 122 118
46 45 47 15 33 32
177 271 356 494 171 362 233
29 73 148 120
507 314 102 242 150
1712 707 1327 360 531 122
63 176 171 233 306
306 243 326 506 12 176 7
70 319 181 117 98 118
2 13 18 90 50 10 21 82
117 98 21 68 10 59
37 13 21 59 131 51 119
111 328 101 43 165 180 277
59 98 24 70 118
1564 1582 680 581
45 15 32 155 147 135 2 131
118 124 29 51 27
8 10 14 57 21 96
82 37 197 10 57 197 282 98
232 266 747 178
97 155 21 135
57 118 14 10 70 36 181 97
48 49 45 32
30 131 135 8 18 14 68
197 86 138 221 104
36 18 59 97 31 117 96
170 177 178 199
29 140 148 14 36 10 470 129
109 349 28 80
527 26 541 7
489 298 489 298
314 9 100 5
254 418 118 97 181 70 98 366
271 356 506 512 541
1138 1130 1129 1124 365 939 1142 1180
248 8 130 266 13 178 50
152 157 1594 523 1612 293 505 241
56 304 25 11
119 82 57 10
33 8 31 117 10
72 182 26 461 81 243 80 306
297 154 179 224 194 219
21 50 59 14 57 24 37 31
218 203 203 77 163 205 239
692 586 415 442 715
45 15 32 155 135 131 50 90
3 63 182 28 80 997
248 204 177 356
1 47 45 15 155 147
148 27 29 140 120 73 119
1978 265 317 217 270 378
180 236 277 292 264 116 296
295 275 376 328
744 727 836 564 1477
10 21 24 96 36 37
30 63 51 109 182 1157 1064
95 94 156 183 657 139 138
236 296 322
314 17 150 46
82 323 279 264 216 679 164
1238 1273 531 1327 917 1391 842 831
68 118 57 117 36
50 10 190 14 57
44 10 147 30 31 96
1014 449 1466 1365 347 447
31 96 57 97
70 24 721 722 96
263 2 155 147 131 30 383 13
535 764 769 773 771
31 21 59 36 37 181 117
117 36 118 31
67 68 70 181 117
1046 193 161 192
1531 1532 1548 1412 1549 1595
10 98 67 70 37 181 117
22 366 430 519 315 344 618
86 98 100 138
37 36 118 30 31 67 68
47 155 135 131 50 44 18
232 4 248 541 506 512
430 344 611 618 366 98 117
31 181 70 118 82 117 98 59
1129 1107 1134 1180 1150 1162 1142
36 67 13 8
100 221 274 197 102 641 146
295 275 142 264 101 216 136
541 695 701 130 170 204 176
346 359 1817 1379 1772 1648 1635
8 2 44 50 57
1043 772 1047 806 822 1021 1695
117 59 24 50
210 291 303 285 121 166
131 13 50 30 31
520 746 491 620 607
275 111 164 1087 376 1006 900 457
232 271 338 266 130 204 228
21 328 323 295
49 48 45 47
68 67 181 118 117 96 59
715 310 401 431
263 188 621 557
511 130 541 512
117 27 99 148
185 719 124 748 124 1822 124 1004
122 384 103 680 816 687
59 37 67 36 14 98 98 164
140 121 166 222 2503 168 253
73 72 151 185 119 193
50 10 118 57 31
135 2 131 15 90 50
1345 1350 1328 1347
37 68 118 14
264 323 216 129 279 328 142 164
706 1327 707 531 594 663 217
876 878 804 863 879 871
31 90 44 50 8 10
99 72 119 133 140
45 32 47 15 33
225 120 121 222 99
746 1378 1119 72
117 118 181 713 722
10 155 68 118 2 135 131
59 278 285 291 475 18 67
326 511 510 512
57 155 147 135 2 50
292 277 243 296
506 565 243 490 178 228 30 512
12 204 170 171
47 10 24 37 155 18
97 98 519 181 20 22 283 611
33 57 82 10 304 70
181 131 18 13 8 50 21 1689
181 98 98 36 229 124 27
298 420 461 1882 298 255 325 349
1130 1138 1149 1134
126 586 415 401 391 310 311
510 511 309 527 350 526
2 50 155 36
490 493 494 326
168 222 253 151 193
15 32 47 155 147 90
50 31 67 68 30 97 181
222 99 121 193 225
171 145 130 12
510 170 541 512 208 7
36 70 31 97 262 90 50
866 124 873 217
98 181 117 118 97 70 283
98 31 10 117 14
28 726 80 215 688 1206
48 49 17 46
67 31 70 68 97 98
17 17 470 17 17 17 17
11 304 173 54 40 55 128
814 778 850 832 447 843 369 812
267 785 89 127 1173 66 1157
21 10 97 14 82
204 199 178 208 200 232
453 437 100 102 313 121
131 24 10 147 135 50
92 28 80 104 100 522
350 145 204 7 490 526 527
282 98 100 36 82
135 1 183 90
204 177 271 356
59 181 97 21 36 68
118 57 14
180 43 180 180 165 236 43 322
57 44 21 10
73 166 121 254
121 222 168 254
308 119 140 1004 444 42 69
411 577 472 674 679 101 323 216
750 182 747 28 80 120 133
264 279 322 328 116 218 165
75 357 394 393 372 371
400 430 464 519 20 344
117 90 18 96
147 131 18 37 70 97 181
14 59 97 68
143 172 235 260
30 24 21 30 90 59
202 147 31 13 44
14 59 30 97
1 47 48 45
120 140 29 737
117 126 692 715 556 415 391 586
1 49 48 45 32 47 33 155
109 63 187
202 142 279 328 31 68
82 67 68 36 59 37 303
99 193 222 151 185
51 458 72 63 201 575 109
17 17 17 17
541 12 178 233 7 4
90 50 21 8 37 30 18 30
480 263 592 342 448 592 107
246 203 205 245
391 126 556 586
50 135 18 131 44 10 98 67
46 48 49 1
104 183 139 249
96 197 197 138 104
120 140 121 119 254 222 151
119 120 509 133 121
90 44 30 67 97 181 13
306 490 494 326
94 17 163 95 77 40 54 304
996 1027 1004 444
215 537 19 718 358 456 270
22 18 97 366 30 117
117 26 81 306
766 751 708 1262 872 1506
1049 607 1287 1252 1258 520
900 98 72 418 902
197 221 104 138
181 70 197 104
565 175 512 506 338 362 170
81 46 48 511 1505
21 48 32 97
18 90 50 10 24 57 8 68
68 70 97 98
222 153 99 185 161
166 51 289 72
30 285 475 318
67 96 97 21 197
100 676 916 274
23 490 228 512 7 170 511 232
26 243 81 306
128 218 25 304 11 77
17 17 17 17 17
182 1088 109 26 493 243
29 124 99 2503 222 27
63 72 182 702
13 97 50 82 30
96 45 15 32 46 48 17 17
175 362 145 171
98 181 97 90
70 283 97 117 98 400
57 30 31 10 37 68 155 118
98 97 181 117 90 18 118
73 27 29 148
29 166 222 168 72 121 153
51 28 72 48
50 31 30 18 37
24 82 59
98 70 117 118 767 821 283 789
1050 1062 1049 977 745
1074 216 611 275 283 101 164 2047
1213 1076 325 1080 550 2146 267
14 97 21 29 140 181
97 37 24
13 131 18 155 67
442 311 401 431 415
1600 320 386 373 1617 405 388 1616
502 1478 1105 1430
97 181 10 118 117
295 328 264 202 101
1 32 155 147 2 131 13
45 32 2 17 33 1
32 99 31 73 181
2503 253 222 153 42 151 193 161
48 1 45 15 32 155
13 181 82 59 36
8 50 30 31
511 350 176 527 541 510 526 171
734 182 735 80
32 1 155 147 135 2
99 161 153 185 480 341
90 13 44 8 57 14 24 82
37 30 8 90 147
8 29 31 73 50 68 140
514 383 308 384 341 85 746
328 376 101 142 264 164
129 129 129 129 129 129 1689 129
1486 1478 1468 1545 320 1688 336 1552
46 1 45 32
202 279 142 295 328 264 101 216
29 151 133 27 72 120 119 166
153 193 161 185 225 42
33 33 68 135
29 2081 133 73 120
208 510 130 63 72 211 109
713 722 721 732 289
153 42 193 185 192 1380 133
3273 165 279 264 137
740 755 603 617 33 33
202 45 43 279
1936 1948 1949 1937 1939
136 376 43 142 202 328
147 2 18 131 13
168 99 121 140 253
199 130 234 232 262
131 90 44 50 404
68 33 21 57
326 511 565 309 506 512 510 338
467 382 543 417 1877 1879 351 321
48 155 44 147 2 30 131 70
8 67 18 10 155 135 14 24
2 156 156 183 802 138 104
120 73 27 36 121
131 18 90 13
131 90 155 135
98 67 295 24 142 279 264 328
210 459 2 231
15 24 17 67 70 90 46
15 47 1 470 471
225 37 124 70
1347 1345 1350 572 640
328 43 236 111 376 101
511 266 306 81 12 326 362 170
208 228 262 309 362
32 47 33 2
176 39 92 112
848 414 390 402 433 443 305
90 10 14 21 24 82
889 896 27 525 72 898 866 897
82 30 31 67 68 70
31 30 68 70 67 181 98
519 20 900 29 457 418 193
50 44 147 14 90 57
494 565 541 171
15 32 33 147
59 50 57 82 37
140 151 51 27 121
28 370 80 72 325 255
129 10 21 14 24 82 59
135 50 131 2 147
49 1 46 45 32 15
326 511 309 506 565 350
1291 762 997 158 788
49 48 46 45 15 47
46 18 57 82 197 36 274 297
2503 153 161 27 13 72 140
313 313 184 219
96 26 37 21 31 59 36 298
336 321 354 340
17 49 1 48
202 279 264 323
100 102 86 274 63 109 297 579
166 151 121 72
118 14 21 24 37 70
67 21 10 117
584 768 677 387 521 826 307 810
641 104 641 100
59 31 10 36 96 67
86 313 104 100 138 98 297
118 10 36 82 51 534
13 90 8 50
1768 1362 1379 1609
151 193 161 225 185 192
117 10 14 37 21 18 57 24
37 98 57 14 197 59 24 98
247 393 394 371 143 172 260 235
1580 1584 13 90 1586 8 44 1589
494 171 232 490 81 506
507 505 39 3 109 182 72
131 8 13 1 46
68 70 181 98 117 118
36 14 104 156 196 183 139 138
366 181 118
428 474 383 341 1295 360 162 435
45 17 33 15 96
1816 1851 1851 1852
3 140 119 2190 99 73
24 37 36 67 31 97
24 98 181 118 117 124 29 27
1 48 49 32
49 33 17 1
115 242 241 5 507 132
67 117 31 118
279 264 328 202 111 142
145 171 204 170 199 177 178 200
1367 29 27 99
166 121 253 168 222
50 44 8 24 96 68
96 151 121 153
37 36 131 97
21 82 37 31 98 30 14
72 119 73 103 122 383 427 435
384 680 709 581
46 47 45 15 32
1172 321 329 320 336 368 340 423
510 490 527 749
29 14 37 59 82
170 178 7 234 208 248 228
118 13 98 117 131 412 315 399
190 345 342 51
442 459 329 352 1307 320 425 321
98 82 86 454 197 138 86
97 13 57 59 147 90 48 96
28 80 999 58
70 97 98 181 117 118
193 140 222 147
8 50 57 14 10 21 24 82
155 30 68 70 97 98 96
342 448 591 557 263
360 122 384 156 139 183
166 253 121 2503 151 254 193
118 2161 29 900 72 418 907 912
232 366 117 268
44 10 82 21
4 23 233 262 248 266
417 1314 1746 425 226 429 321 368
31 67 97 181 117 10 14
33 2 48 32 117 1
850 654 814 778 420
323 295 43 137 236 328 264 292
306 490 494 511 510 527 350
138 104 274 132 314 5
7 199 200 208 234 232
49 1 45 117
171 97 80 12 199 177
204 199 211 26 228
27 29 73 72 148 140
36 118 181 117
137 236 292 279 264 111 164 129
1000 1050 746 1458 1234 69 308 1309
18 8 13 44
68 140 121 2503 168
92 112 28 214 80
1107 365 947 1129 939
224 179 154 194 154
10 82 23 37 271 14 493 326
30 37 67 68 98
277 137 165 116
14 21 24 82 68 37 36
36 67 68 70 97 98 181
98 67 82 57 26 70 326 306
45 15 32 47 33 155
70 30 50 37 96 493 98
594 514 663
562 3 28 438
102 1061 57 147 13
165 296 43 137 116 277 236
70 13 57 82 97 181 14 21
306 565 511 494 510 526 12 170
196 522 86 313 100 102
354 388 405 352
97 98 29 27 168
219 282 282 454
233 199 4 527 326 200 232 494
3 497 1000 1053 977 124 958 491
456 777 735 778 814 447 369
98 104 86 282 274 221 102
442 431 310 311 453
310 432 311 252
59 96 67 57 31 97 18 98
8 26 57 10
337 1744 1753 818 825 846 819
233 493 541 565 266 338 526 178
17 17 17 17 17 17 17 17
120 153 29 73 222
356 204 177 248 338 170 171 26
527 326 233 176 130 262 306 511
1 48 45 15 32
621 468 107 124 72 119 222 254
129 275 142 279 295
303 291 285 278 156 156 183
30 8 44 181 70
511 171 306 527 326 541 178 510
68 36 24 67 59 98 117 118
30 131 50 57
33 67 2 50 14 90 82
1478 1533 1430 1420
234 262 266 271 228 737 999
193 161 2503 225 192
1027 308 444 1035 1009 745 620
139 86 274 102 138 249 297 221
98 155 45 48 131 50 46 82
80 182 575 450
27 48 131 59 98 119 222 124
56 304 236 54 128 25
59 14 181 96 124
29 140 728 1507 119 99 27 120
44 50 57 31 68 21 24
264 216 275 323
692 415 391 442 431 586
51 3 63 109 72 182 579
13 17 46 48 33 45 44 30
439 355 426 368 352
97 118 400 430 464 20 344 519
13 44 17 24 82 96
350 81 243 306 490 494
266 350 772 362
3051 329 320 336
1300 1272 1290 1286
77 246 245 218 304 281 56
131 18 90 97 44 459 8
10 96 24 21
510 526 176 145 338
90 11 8 50 14
193 519 72 161 225
98 21 18 147 13
224 219 179 154
67 31 30 98 181 70
177 232 199 200
357 393 394 372
168 140 121 193 185 192 225
10 8 21 59 193 36 18 30
11 128 17 46 47 45 33 48
197 104 138 221 86
51 63 208 309 171
1 48 46 45 49 32 47 15
171 176 170 7
448 2621 2622 2625 2566
251 290 765 345 823 802
289 746 334 1133 1098
1509 502 865 1022
67 48 1 33 47 45 24 37
726 124 215 27
292 322 296 277 376
565 171 262 234 175 17 1 45
135 44 37 67
96 121 254 193 161 185
122 594 360 514 383 162
164 216 328 376 111 101
279 295 328 216 264 101
399 315 324 400 430 464 519
131 13 135 2 8
236 205 173 322 11 163 203
2 147 90 135 50 44 21
47 45 17 1 46 48 15
96 70 118 129 142 202 328 279
185 225 192 259 124 2503
82 18 30 14 67
1009 162 969 444
155 147 147 135 2 135
692 715 442 556 586
471 131 18 90 13 324 399
120 168 153 193
21 82 24 37 48
177 262 794 228 3
33 45 1 15 155
156 156 197 170 249 208 282
611 113 966 624 1005 30 746 1012
454 314 293 505
151 119 17 46 48 49
163 304 173 55 77
1517 1519 1523 1527
412 131 90 13 18
140 73 166 192 2503 153 121 120
208 350 526 490 541
90 131 181 13 8 44
295 70 36 37
17 17 17 17 17
1150 1134 1138
1014 914 2826 2345
181 118 70 10 117 129 202 279
147 131 21 10 155 2 98 8
154 194 224 314 454
202 464 1074 1087 697
202 111 164 13 96 1 59
36 57 97 98 24 59 98
1049 491 745 1007 1029 1026 1004 1041
73 120 140 148
48 10 200 266 208
135 2 96 136 1 50 57 15
29 119 57 44
399 20 344 22 30 366
27 120 72 51 99 119 73 140
565 506 510 512 350
121 166 222 168 253 153
506 170 130 266 208 490 23
67 10 14 21 24 90
2503 42 161 121 225 185
15 17 46 47 324 519 412 471
308 591 263 345 122
39 3 63 51 72 92 28
177 200 228 271 262 350
147 18 15 97 96 32 181 31
68 90 98 100 82
86 98 100 9 115 102
586 715 387 499
494 781 512 350 338 1043
95 128 94
30 152 563 118 70 319 505
8 3 67 181 21 48
43 137 165 116 236 277
319 118 464 118 319 366 400
8 44 18 30 31 10
478 485 500 65 79
164 59 376 70 129 295 264 275
1950 1943 1877 648 1879 1906
33 47 470 412 471 399
689 699 379 278 303 210 291
1993 173 304 623 1994 1994 17
48 1 15 33
387 637 584 538 533 599 619
1049 124 1015 1041 444 1000 497
13 96 36 155
17 328 17 17 236 415 292
32 118 135 147 44 117 82
36 97 117 70
181 44 24 97 98
155 2 147 135
81 26 243 306
26 243 490 689 326
362 171 130 200 208
10 166 140 70 72 147
131 8 82 98 37 59 24
82 59 37 68 67 36
11 279 290 264 328 250 236 264
90 1 506 45 8 2
14 37 2 57
490 526 493 12
493 494 506 511 512 510 338 356
59 82 97 14
1015 491 1027 987 1035 1036
20 18 117 1005 412 113
21 68 14 181 82
72 193 192 185
216 328 376 101 323 164
522 86 313 297 102 662 100
47 45 33 470
17 17 17 17 17 17
296 322 376 277 116
31 97 98 181 117 118 131 13
17 46 48 33 1 47
145 81 306 211 493 326 511
243 511 490 510 350 362 176 541
131 90 13 8 44 50 18 57
3 461 182 187
155 135 131 50 18 44 21 8
29 287 217 148 327
131 2 90 8 50 10 21
50 57 24 10 98 67 21
67 147 131 135 50
21 14 59 68
156 249 138 139 196 289 183 197
406 842 345 2378 730
1770 1547 1543 124 153 151
37 97 181 98
350 1802 33 49
32 47 17 135 50
82 37 120 67 36 99
24 82 59 37 36 18 156 104
147 18 31 44 181
18 24 96 82 37 147 44
181 20 34 711
45 26 17 175 155 135 234 15
70 90 50 57 10
168 167 225 161
46 32 45 15 147 90
848 166 1040 2503 253 168 254
96 129 142 202
120 27 119 140 168 253
165 180 236 277
67 147 135 2 13 90 31
21 24 37 36 30 31
56 54 304 94 128
129 147 96 70
