640 27 1 6 3473 3553 446 3413
11 6 303 9059
455 458 1656 2826 1011
2419 2421 2386 815
2377 5188 14223 13031 9753 584 3638 148
303 491 970 260 1795 504
696 382 1471 2164 830 699 2192 17674
7772 6 3348 5147 422 24 438 445
772 1812 273 3 3026 426 438
28 7 32 3349 3350 3170
11 6 6320
1351 1429 322 1430 1431 1432 1433
826 1652 1131 381 1166
269 2 3
11 6 6589 78 138 1065 632
7 32 1934 37 11704 12647
3959 266 473
5634 6867 831 2297 3374
530 2284 3 185
1769 2 1770 303 215 83
1 218 6 6528 7310 7311
2107 6189 1956 3691
1030 3 136
40 6 303 138 504 378 3
3483 4005 9 1458 1018 6214 4961
5568 10297 3
2085 40 6 230 772
1 7797 2
988 6 1888 1769 2 1906 1770
1769 1914 3450 632
3594 269 11 1 648 218 6
2866 446 1734 467
2863 2231 148 461 467 788 482
77 737 662
1204 1205 1206 1207 1208 1209
1034 1131 1517 2159
7 7416 400 2847 7010 6515 5889 1773
1580 27 218 6 10284
7381 3149 3136 3152 87 16975
2020 1162 218 6 1644
4833 4834 4835 4836
1981 579 539 540 4712 359 4714
351 3695 299 300 228 361 221 1689
218 6 3510 2118 3514 2069 2121 4442
6 2 83 12617 7 85
3290 10367 3291 3292 2817
1836 1900 684 21
4315 55 138
6986 3491 6987 1151
1536 254 229 364
7543 11431 15754 9302 4238
11 4 6 993
5528 6711 3155 2020
8897 8898 4773 4329 7154
265 7 205 1503
11 987 6
4210 41 5657 686
1775 8117 7990 5450
787 455 464 836 4614 1485 3416 839
49 51 3593 205
1536 221 3516 229 306 3 148 448
768 2041 158 368
7346 200 204 7 1496 7347 3562 1497
273 423 77 136 148 492
1536 1983 3457 598
6 83 12965 891 667
2254 4101 438 494 3416 564
2218 8185 3584 5707
1642 2308 987 1 218
4131 4140 3558 4143 4144
562 7133 7877 7485
1960 505 4006 8944 1051 1052
6145 7 13890 1621 13285 4525 1050
231 769 232 259 158 367 2952 1863
9218 9219 6566 4985 3232 5631 9220 9221
2878 2419 2421 584 4066 815 64 3584
1864 1865 2098 1709 234
6432 512 1694 1696 1628
4741 773 2072 4562 1035 4743 520
314 6 78 4438 219 296 5818
690 242 3 9083 568 737 148
11 17105 17693 4119 3320 7973
1477 3955 534 1001 148 2426 438
3792 3362 862 3793 684 3794 3665
6 342 4005 2289 774 3084 9929 90
8120 4978 11555 77
131 815 904 720 135 737
3135 970 260 1469 689 248 2133 3
3 7 85 7407 4792 4793 6908
4678 281 3 3807 1031 4093
4760 3437 12 974 1830 2993 3993
255 2952 1463 514 4733
230 2042 2045 91 953
254 361 1514 255 2072 90 1756
504 3733 1748 378 2160 3
1043 1018 2012 4962 878 303
2261 21 1646 364 512 1694 1696 1628
1365 1366 1367 1368 1369 1370 1371
314 6 7491 3084 3 15132
11 6 1604 307
11 3001 6
27 6 2457 28
3255 837 678
6 55 2393
3625 8113 2300 11747 7981 897
1981 579 539 540 4712 359 4714 360
4656 1620 27 218 6 859
1995 4871 4503 1996
1808 520 90 777 143 969 260
27 5 1 218 6 215 1597 1801
2559 7331 7332 7333 7334 2565 184
238 2887 1469 2400 689 3348
1151 2979 6335 3583 11930 2416
8942 13707 6286 6287 1051
675 4545 4548 4872
3173 3174 3175 3176
507 11 160 1 6
138 237 3979 1025 44 375 46 706
1455 946 228 254 361 1683 3517 2042
1694 1695 1696 1697
1166 24 15793 3255
1994 7780 7781 5569 7782
1699 1112 1700 1628 1631 1707 1863 235
3847 1169 726 727 729 730
11 218 6 2 772 784 294
3 7 7556
218 6 10888 215 1801
643 218 6
11 4 1056 640 7790 2248 1997 6
6 7820 1748 378
1734 3082 467
6247 960 2409 16381 2413 7391 64
307 3 4074 3881 205 11951
6 2 16314 45 3 14237
4684 3258 55 3333 842 3 3232 130
6 2 281 1812 829 83
972 598 1829 12 974 1531
582 3517 230 231 232 2045 158
6 2 247 138 889 361 46 379
88 5348 11315 11316
56 1920 350 555
1087 1088 1089 1090 1091 1092 1093
4113 4114 4115 4116 4117
77 5789 4597 8988
1655 739 4046
5233 3226 3123 830 3454
1141 292 434 793
2 41 1456 512 2953 2272
670 7 87
11 987 18908 218
3544 55 395 3 7 1050 438
3373 7108 7109 7110
275 5377 5716 1142 227
215 993 1118 361 1683
1144 3206 166 3207
4961 2162 2012 55 2163 686 2177
1672 724 601 934
192 204 10125 28 7635 7
884 59 598 3
3232 397 1481 135
1132 372 3436 140 1827 5694 4745 521
3 265 7 2443
1774 2236 2237 2238 2239 2240
835 3701 727 3146 5113 1833 670
334 335 336 337 338 339 11
5048 2886 4760 12 1830 238
8059 650 2122 2123 2125
6 20589 83 77 20590
8590 3612 4322 15092 3530 6283 644 64
6 204 7 10692 10693
1683 90 294 4472
11 6 296 3692 516 776 3979
46 379 2216 2050 3666 4030
159 10193 3 64 3702 4021 2457
588 12 2136 306 261 504 83 3
612 987 1 218 6 41 2026
7539 8894 4326 8899 4329 2368 8537
4 643 3 5849 12933
6 540 1536 294 7 8906 1978
603 1 6 56 5418 1981 254
5569 7782 7783 7784 7785 7786 1995
2443 3422 4791 10470
1652 1131 2821 1030
897 3209 87 135
1 218 55 148
215 1801 138 3
7128 7130 118 1071
11 1 218 6
2371 4778 728 7375 11273 9005 49
970 260 281 1025
3160 9548 4792 4793 276 9549
13976 2229 13977 6786 3296 10182
6132 5204 5205 3352 402 897
6 2 215 512 3501 3880 4734 997
401 5202 5203 5204 5205
11 218 6 11181
2844 10081 537 672 83 18947
39 11 1 6
41 548 215 138 8098 686
531 24 3237 4045 3238 438
555 247 5107 1645 3197 20 21 2071
774 2281 1035 371 1810 1019 1025
11 6 2026 901 579
1135 530 2284 504 8233 8891 64 148
1611 3374 3235 714 1479
6 215 138 3117 512 1131
234 237 4673 1033 5683 6882
138 15086 15087 1955 205 71 999 1000
45 1145 5049 1829
2300 897 5516 9747 1636 4079 8221
10085 13262 6348 19911 392 1792 3 3919
6 154 4617 12604
11 218 40 6 3
11 27 1 218 6 5861 78
11 218 6 20 3
6 83 934 7 33 205 673 5899
2150 27 1 218 6 56 1918
795 11 2009 1
1 6 55 3
661 1143 314 6 510 3435 2363
6 753 56 2025 138 1541 1065
4789 3955 4790 934 28 7
861 351 3387 155 1129 930 259 233
153 307 3
5901 14475 3296
1185 1186 1187 1188 1189
155 512 1696 1629 1631
762 1069 135
1921 77 148 2287
684 1456 1648
1703 1704 1705 1629
11 987 218 6 138 504 77 148
11 490 1
8700 5281 2107 6189 1956 49 5837
12787 12788 12789 8807 12790
6 4786 5644 2999 510 5645
337 338 339 1204
69 145 11 4143
1090 1091 1092 211 212
11788 815 4776 278
632 1025 3
229 259 237 1166
10287 357 4672 604 3333
4707 1535 540 1121 254 3575 1568
11 288 218 6
3574 762 230 512 1694 1696 1698
206 2866 446 1734 467
138 3117 759 220 3118 1682 1123
28 7 600 1834 400
989 5270 7586 5241
90 777 3473 3390
314 6 6975 55 2133
1106 863 20 153 4577 357
702 812 11476 6578 708
446 1726 453 787
16208 4236 10119 10120 5380 5849
332 333 334 335 336 337 338
11 1 6 254 361 1688 3
43 4755 3485 1025 3518 828
77 15605 1076 1614 451
11 622 1
4194 3492 5808
5975 7172 552 835 729
254 1687 8053 747 2179 57
5015 2452 8477 10000
2 6627 5054 278 7 205 3351
6449 5629 3141
4 6 6105 6106 3 7
5452 212 7997 6813
3249 7479 6926 1146
6949 8144 1980 8122 135 885 2357
281 3952 3607 829 3993 373 5051
87 3638 4594 4092 148 3020 444
6342 7976 9 2012 4962 38 303
7265 77 3820 148 470 2251 473
1 6 230 371 1809 238
784 3650 273 9195 7040
4762 14315 241 525 528 273 14316 3
1373 217 622 993
5516 135 423 4092 290
347 3797 845 359 45
364 2951 768 2041 233 368 2270
584 64 651 3885 1169
1610 3141 696 3 3374 4321
4597 885 531 7851 148 1724
27 648 6 83 12617
1169 3701 729 670 1482 7 1956
218 40 6 56 1456
443 449 870 2332 872 838 4604
6 55 294 3
5502 827 4507 1019 372 140
864 1469 6810 241 689
980 2356 64 8060 9850 670 3405
8431 2878 2062 3653 835 729
46 3 284 2351
714 64 438 245 1008 474
133 1103 3569 4852 148
218 6 55 356
3093 3960 6893 4509 874 2067 6717 11061
148 8411 73
4140 6 5241 2342
9459 1009 316 496
55 3 1573 265 28 7 32 5478
215 353 8583 55
27 6 2 820 6528 1919 3485
1168 139 351 2289 555
4732 370 1750 1652 5684 4733 2953
857 821 1741 1920 555 1564 296 1644
46 379 3322 273
1978 3151 9309 11614 1775 87 1868 5979
512 1707 13561 3
841 91 3 17425
37 6510 6511 8715 8251
1913 367 3
3800 5538 8266 7528 3230 47 808 3
515 771 772 525 1518 527
7086 6069 6867 2977
546 688 90 376 306 3141 382 672
666 632 1144 5673
1355 1356 1357 1362 1373 1384 1395 1406
4687 4345 3368 3 534 482 870
368 369 234 1464 237 1131 1466
4 6 10758
1093 1094 1095 1096 211 87 3616 4662
5375 851 1458 2012 298 548 301
11 987 218 6 747 1568 1691
230 2037 1857 1705
2062 719 8783 4069 5378
7 32 85 86 321 667
1360 1361 1362 1363 1364 1365 1366
40 6 3695 1458 90 3405 10280
1551 889 2043 930 2952 7 319
2847 71 423 2310
3487 7881 726 148
963 5748 6179 717 3491
3003 1 218 6 354 2258 20
11 6083 27 1
1335 1336 1337 1338 1339
1536 3 278 7 1774
528 1519 529 1135 530 2284
3 7045 1148 704 1149 8087 64 148
951 7138 5317 7139 127 1719 2057 130
13263 6620 215 138
4848 4849 4850 1258 1259 1260 1261
3810 64 1481 719 4069 14580
4028 3093 3130 12428 564 3131 10915
2416 3531 5112 64 7173
8118 8119 3503 1980 3353 446
7044 7045 6693 2168 7046 1070 2169 7047
3660 3889 4373 2197 2827
1752 316 678
11 6 3 1572
109 3401 7545 4779 531 148 573
5315 817 11 27 1 218 2024
219 862 686 845 1648 6450 46
1658 1920 5174 946 4242 2999
20 540 255 25 230
8862 3053 3054 3055 3056 3057 3058
4962 545 138 3197 254 3992 824 230
358 361 1685 221
1659 1660 1661 1662 1663 1664
1545 889 631 632 1556
255 934 7523 3881 2849 7573 3898
262 378 14 1854
269 11 1 218
5052 11272 378 3123 2250 830 3
138 372 13030 83 278 737
1 6 2155 19205 1723 452 460 3381
5677 1602 259 158 264 265
77 4358 534 1001
4336 4507 1019 5694 2959 3473 1025 248
4515 11 987 218 6 4806
306 261 263 3 438 9065 445
3633 8112 3351 5204 5205 402
6 762 3 64 1077
1997 6 90 2886
273 3 710 3491 64 7
6028 479 9336 9337 9338 9339 9340 9341
1628 6577 5676 1113 1701
4582 4583 940 4093
6049 1773 6160 85 2855
2067 3145 472
7444 5729 5111 1713 1174 397 102
4784 2102 3155 2326 151
1602 368 2952 1863
7881 1671 724 2370 2371 552
1132 1025 3 737
5055 46 1471 807 3 3581 6745
4806 45 3437 974 12479 7 423 148
2169 4628 938 2171 2172 7055
8148 2880 670 7
218 55 3 64 2851 148
397 102 103 1716
9757 2266 83 4990 701 5016 3806 3812
5698 2214 2105 3800 8712 3452 3322 4663
1433 1434 1435 1436 1437 2109 2110 2111
1207 1208 1209 1210 1211 1212 1213 1214
19072 4990 13184 15998
2024 314 6 6665 6115 2163 1144
45 504 3666 3804 697 3322
3790 56 7 13696 12787 7556 3447
2085 40 6 1770 644 64
3765 20 153 357 154 21 1841 1121
3695 1837 1754 354
9488 3888 16219 871 872
3723 4602 3198 1077 148 449
4 612 218 3
3793 1680 1464 590 379 691
148 455 2018
2821 8582 83 3 831
506 11 6 512 294 83
6 138 83 2361 7180 278
314 6 138 1144 116
14 115 64 77 290
897 1978 211 87 2302 214
1464 2124 827 3628
12454 2382 13769 16037 8001
3473 15128 455
4727 256 1806 229 1824 1692 1693
1 6 17099 6682
2127 2128 2129 2130
2341 2342 2343 265
3 7 1575 85 5636 10779
689 46 159 1166
11 2344 72 6 1541 1065 1542
7789 7790 1997 987
6 1122 3
268 6711 5614 2326 2019 151 2020 6010
1658 1117 841 1857
161 2085 2086 40 6 3
1863 1463 235 1131 1030 2124
987 2086 658 40 660 3456 314
2067 3145 1656 266 2826
1770 492 2196 2968 676 2018 9685 316
531 1077 424 1032 662 136
2402 5498 7940 3338 6320 6607
152 3664 901 540
1458 1018 1025 3607 8089
3 3553 1101 3238
10687 8167 3892 5994
218 56 2433 7476 687 540 2329 364
1801 17902 5660 762 363 364 2951 1673
215 12876 6501 83 3 14
13370 192 194 204 7 1774 7576
6 4026 83
5758 567 2310 568 6792 569 5362
6 258 772 3979 521 392 434
13035 6915 212 7999 10703
7 866 531 737 573 6615 5409
441 442 2143 446
27 218 6 2403 46 6348 3 6807
11 1 218 40
3 3262 1848 832 64 8871 4597 866
218 6 685 1065
4717 542 4718 3457 544 254 823
6 138 631 632 3 429 442 446
2644 18837 2646 2650 2661 2663 12590 12591
382 5234 3396 672 3229 3230 2250 308
1806 1692 25 1693 155 5674
508 11 4 1 218 6
357 845 762 1646 254 1687
2261 3605 220 1680
5093 4831 5094 4376 4832 5095
7471 5647 1800 4301 1049 265
438 446 3416
11 4 6 2026
938 2171 703 5251
5023 3400 148
2285 273 644 64 264
11 6 17523
3 434 446 2335
2059 644 64 7
2310 568 3297 2064 885 136
1564 3795 38 686
916 470 7540 6137 473
77 3820 466 870
6326 270 1 55 16993
1559 15243 85 135
1705 1629 1602 1706 1630
2072 491 2993 6812 306 205 5184 13212
2332 8739 836 3958 469
1958 206 13240 211 3126
1210 1211 1212 1213 1214 1215 1216 1217
581 4724 2035 763
4910 1923 13654 9459 10763 4917
502 16231 6
6 3663 5619 3361 861 4476 3363
579 1121 359 230 259
1475 5021 9453 833 62 11234 2412 1477
5460 3553 321 148 438 3412 2303
6 1456 3
265 934 7 85 3000
2263 2036 4726 1806 1692 3
508 11 27 1 218 40
11 849 1 6 15580 138 1144
260 306 2014 3 1868
3318 1149 644 64 148
410 411 412 413 414 415 416 417
379 696 698 273
11971 1541 1065 1544 1545
5729 48 7008 5111 7039
89 946 1168 2941 1738 1539 686
3084 1810 971 972 588 3766
824 767 2377 155 3645 768 3646 3647
6 2 344 1455 2941 371 775 3084
3385 1168 1116 3605
55 138 10472
1 6 2160 3
691 3 9016 77
4497 205 673 885 4498
248 242 2181 783 3 934
7809 5254 1981 1673 7810
1715 97 99 102 1559 1716 110 2076
218 6 56 3 2171 703 7055
1311 1312 1313 1314
255 772 776 4336 1019
276 6033 8339 16511 3886 16512 13062
2116 268 11 27 1 218 161 40
3804 5960 1137 697
815 10674 531 148 292
2251 3825 873 3416 3462
1481 719 204 278 3193 1048 1049 265
10865 494 2948 3145
69 11 218 6 1838 3197 2070
1 218 6 3387 2342
27 1 6 361 230 688
247 6899 1984 1941 3457
2 55 764 3207 186
1570 14 3613 64 278 7 1050
4350 64 148 675 916
7 1742 32 205 85 3170 3171 276
2959 1858 43 260 281 1025 598
204 934 7 49 205 1507 4378 2817
87 2863 8007 6863 9998 88
1811 794 829 598 1133
11 1 6 1457 2951 232 158
135 424 136 1101 630 452 499 886
2864 10724 4238
6523 10923 1507 2234 7562
6 2 55 1692 83
2171 3874 6301 97 106 109 1718
1134 527 2283 528 1519
6 6810 10587 1023
7 205 4378 4006 8076
863 357 3574 1119 3118 2263 1985 2035
261 504 382 672
5541 77 3600 738 148 438 9065 446
1 303 3
7624 7625 7626 7627 7628 7629
86 8737 5408
5690 883 884 1518 1519 5015 3488
512 1707 1808 516 519 650 2128 1035
693 694 3805 5014 701
6 3111 56 15701 8059
228 6295 2135 18 3
7512 5051 1044 241 3348 2134 376
999 77 737 148 434
9972 12499 32 8141 11367 205
468 245 2067 7946
2172 4629 2876 980 1565
4900 4901 4508 8879 8081 3853 6166 12428
555 138 2028 822
506 268 11 4 987 1 218 40
3485 672 7515 938
3485 1024 12521 13
2044 1630 1707 1632
7192 3776 1772 185
90 521 2190 969 2416 49
1885 1888 1769 3790 1906 1770 1771 56
1534 800 930 233 1709
205 7348 5892 1575 1576 1507 7349
2261 759 356 5230 1840 4703
4839 5101 5944 3966
3196 2070 1839 1680
11 217 82
1423 1424 1425 1426 1427 1428
3518 972 4963 2942 588
522 239 2094 2053 1712
741 379 7 77 136 667
370 1607 1131 2272
11 490 6 1535 378 16929 8471
133 1103 7140 7142
2886 3437 12 974
13746 13480 15802 9371 1174 10651 2167 3524
737 7294 573 916 870 8708 5759
218 6 20560 139 7526 20
5643 422 438
378 83 3 278 7 2852
6839 482 916 877 14453
1716 104 106 1743 109 7123 10668 852
3209 87 135 2310 568 633 667
520 90 521 522
7204 9264 2457 435
6 55 584
1730 1023 461 467
1770 510 1144 882 3 13731 1138 28
155 512 259 1707 158 2952 772 1030
87 4662 7447 5349
2020 3611 1162 1115 8316
148 1141 431
1051 1052 11112 3732 87 8594 4489
1104 265 7
40 659 660 4015 661 665 6
3146 2423 731 670 3955 49 423 531
367 491 1019 140
1 6 858 3
2332 6165 2333 224
6166 564 9542 790 3417
3793 2012 4962 3252 7740 302 303
8001 8002 8003 7367 3508
1916 4103 4213 944 56 4214
218 6 241 83 3 11729 148 449
1707 2268 235 1464
3605 3606 20 540 1648 230 231
6 254 361 2155 83
1681 228 5653 1981 3214 4705 903 579
2395 1955 1956 8938 10141 5912 3899
2327 11 218 271 578
1299 1300 1301 1302 1303 1305 1306
1917 15935 41 2888 685 356 5230 512
303 1981 1750 281 829 1469 689 2133
1644 2210 1130 2276
885 5060 148 4680 1005 6092
86 77 737 8733 438
584 11419 3401 7 6527 6055
5612 5280 4987 5613
11109 135 148 449 787 3412 5715 916
3 7 1956 205 1960 8338 2817 10530
4183 818 3971 4184
269 11 1 40 6
5545 1691 7465 364 3517
219 303 3 3232 64
217 3 134
11 490 1180 218
335 336 337 338 339
502 6 248 526
1719 2057 128 133 1103 7140 7141 7142
3543 821 4196 3492
14602 6828 7986 2301 14236 15110 401
1198 1199 1200 1201 1202 1351 11 4
514 528 1519 530
427 429 1724 438 787 492 877 676
40 659 660 665 6
123 2937 124 16
790 2336 3145 472
1270 1272 1273 1274 1275 1276 1277 1278
3070 3072 1732 3078 3080 1734 3083
2363 1838 687 1984 4717 542 2952 5370
7379 5337 16665 5338
339 2102 151 11 27 1 218
845 762 5653 627 800 4721 1691 2180
56 2132 520 90 3 9206 15472 9207
2093 64 5754
55 2035 155 159
17214 8213 2218 4312 5976 670
12677 8933 8165 1775 87 5413 3429 16332
205 1958 1960 6285 5899
6 1800 3681 90
933 6208 7842 7843 3600 742 2445
1349 1350 1351 1352 1353
29 30 31 32 33 34 35
1077 148 3354 2819 2826
1308 1309 1310 1311 1312
142 260 784 7444 278 435 11371
2308 1 218 3
1770 215 138 20797
284 188 204 265 2331 28
205 1960 3923 1507 1513 2817 3208
4862 2886 3 62 278 12603
6 504 278 5923
3213 3214 903 363 229
2273 5685 5686 882 516
55 153 762 1120 2033
6 1883 56
2303 5129 3615 266 472 1817
6 1885 1769 138 155 3
6 1754 354 1570
278 28 7 13582 1050 1931 2226 32
1685 221 1692
130 3810 64 4069 278 1104 265
744 573 2968 13315 13316 19966 4884
151 2001 11 1 218 40 6 78
7557 5146 3585 6896 1639 4790
3 3820 148 1725 9071 2984
6 2256 2258 5793 3
2817 6053 2229 1726
87 3425 3478 88 8413
1195 1196 1197 1198 1199
56 1043 747 155 2072 2050 3230 105
4369 7585 3720 11794
27 6 55 993 2136 305 306
974 1830 9378 2993 9917 238 9918 6540
2980 730 2981 2423 731
7 87 5177
3102 440 446 3071
1490 3317 27 6
1146 1748 378 2317 2144
1077 424 1725 630 877 4981 4509
8485 8486 28 32 6263 6099 4868 8487
687 364 582 233 368 3120 237 90
1155 531 3835 148
1444 1445 1446 1447 1449
1187 1188 1194 1195 1196 1197 1198 1199
11 490 1 6
5 1489 3 452
4907 677 2948 3145 2826 678
218 6 1895 2025 42 3664 55
119 132 716 729 19951 568 2357
328 329 330 331 332 333
2124 6091 2448 14 64 670
7 32 14231 14232 10260 3162
438 454 482 2018 8963 1566
40 6 1770 510 215 1801 512
3 2878 148 6851 1725 430
4010 313 471 3416 474 316 499
16521 1503 1504 1505
7485 3113 2015 960
1843 1032 2254 1101 148
1810 827 1132 140 90 1756 4677
531 675 2303 5245
598 3 423 77 290
7 49 85
27 1 6 215 138 1541 1065 1544
345 2888 3680 3385
1432 1433 1434 1435 1436 1437 1438 1439
6948 270 1 6 861
849 1568 3
3762 5880 842 8066 2181 8327 5052
138 382 9823
2162 3544 303 254 361 1682 1685
4509 4922 6717 1170 2826 678 3889 1817
218 6 1644 356
6 7337 8495 192 204 934 7
6 946 947 156 369 948 949 950
3764 6 9813 3 6894
14998 18 3 7366
1 218 6 303 55 294 83 737
85 13883 16682 6727 897 1976 1977 211
64 77 737
4 6 2
26 9829 5906 17396 17397 17398 1847 11860
365 741 2040 5188 769 4060
350 3692 3694 5538 3 14
6 1456 55 512
1 218 8426 3
11 2023 2150 6 512
11 27 1 218 40 6 18271 805
1 6 944 1168 2377
838 3825 6073 3972 5943 1752 4938 473
882 3666 3486 3232 106 131 1612 7
4 1057 6 138 3 662
4841 1871 11 987 1 6
6 3 961
3589 987 218 6 1838 354
1025 242 379 83 3 558
248 2134 2135 2136 376 8066 306
6 3 2082 316 8036 3889
6 9158 584 644
4140 3558 680 603 640 13695 8607
7461 7462 7598 2383 7599
10858 14602 6828 8115 7986 7457
6987 2416 2061 815 64 720
640 987 1 40 215 1801
11694 11695 6053 10530 2229 6646 3351 7980
4 6 254 3
3647 259 158 1651 233
2119 901 2155 1605
1716 107 109 904 563 312 438
2 41 215 6534 20 762
3 1022 438
2873 3500 3512 369
423 77 531 7869
314 6 83
254 155 512 1034 773 90 2105 692
3922 6160 87
432 2143 585 1023
44 829 241 690 3394 1711 3 5015
1121 800 358 2029 1648 747
1 3158 73
314 6 753 344 1920 89
866 737 148 867 443 449 870
6 1683 90 7
810 273 83 938 4629 6069
18832 7219 3955 135 423 77 148
3805 64 135 77
7 33 1153 1154 37 205 85 1155
11 1180 1 6 215 1710
306 2214 3650 3123 14626 3
90 557 1756 522 777 2403
205 7348 1503 1504
2103 9444 247 3142 4442 354
1676 16852 9999 1677 1678 247 3
2271 1130 1131 4496 3880 2274 4735
694 1751 934 7 3272
11 275 6
5101 11 987 218
24 424 438 458 916
8490 10064 10065 10066
4998 4999 5000 5001 5002 5003
6 9373 9754 1118
996 997 1812 45 240
11 27 6 4000 5039 6114
6 215 138 631 632 361 598 588
11747 897 1978 211 87
3582 6239 7085 5600 2296 7087 7088
138 1065 631 632
138 1469 46 379 83
6 889 632 148
55 3 2905 5520
3331 2229 2885 1868
1327 1328 1329 1330
218 6 492
584 64 2457
3 662 136 4982 498
40 6 3117 3
17300 1073 3506 2418 2419 718
278 7 49 2863 2866 136 148 438
581 372 90 777
3919 1071 651 3401 10794
435 436 445 453 455
6 307 83 3
3 737 662
357 3574 1119 255 25 512 1694
1772 278 28 7 8696 3858 16612 29
1133 588 2943 689
1714 14 1715 97 98 397
6055 10855 2885 276 13062
3003 27 17 6 303 138 1808 504
1 6 55 631
1838 1644 3197 2258 2070
13869 675 9833 5304
2146 3417 9069 7540 3615 266 2826
11766 5334 11095 3272 3273 5282 3274 8152
6 989 215 1800 55
1 6 138 784
7833 290 534 10403 4222 1023
1686 259 598 12 504
2 889 632 5013 2157 83 7
11 6 64 2981 670
3342 10041 2300 402 897 8007 6169 5176
3333 579 379 3799 2105 380 1069
3 119 132 1151 2365 6335 4617 2879
90 521 5531 142 379 2214 6163 2201
13333 85 86 87 214
10891 5241 6384 9151
6055 3617 276 897 6056 2311
764 765 4946 1515 3499 767 2872 3484
675 482 2303 871
4732 5684 4733 1131 3880
354 3197 747 229 364
6 510 352 2030 1607 241
205 1960 2852
4413 1775 879 8143 212 6813 87 8144
4336 5879 141 778 142
4781 452 455 3413 3728
9054 13324 4777 11419 5975
667 448 482 498
1777 1 218 6
1811 829 3 3405 7 2313
4 6 1754 1838 1644 83 423 77
32 5852 5853 5854 4791 8142 18275 37
6170 6171 5579 4662 88 662
2070 2261 356 863 687
14644 18548 4308 1019 372 90 588 2886
6402 7789 7790 4871 2248
6548 6549 4215 1052 135 148
11 6 1808 516 773 90 3
669 1475 3697 7163 64 724 7200
514 49 1529 321
1292 1293 1294 1295 1296
56 555 9 38
9369 83 3 7
3649 3123 7568 83 5976 148 744
2971 7324 4736 515 4737 4738 5688 516
269 6 303 358 2029 147
5686 882 515 2276 4739
2347 307 3 8429 2185
265 7 1956 205
6 342 3492 344
3356 27 218 40 314 6 152
2343 6872 3 162 2460
6798 1906 3264 4191 4192 1908 4194
2168 7046 2406 1070 2169 7048 7051
2602 2603 185 2660 2663 18840 18841 2674
1980 2302 214 6749 4238 1868 421
3692 4988 352 3387 1643 878 545
11 27 1 40 3456 6 1770
7 276 897 2857
6408 14718 4930 4931 4934
3385 5102 9738 10023
1926 10784 740 2956
229 14889 10648 6926 6927 5366 10457
8459 446 4220 4222
6 294 7 12469 87 2867
11 6 2094 64
239 2398 1469 9393 3519 241 689 3348
253 1534 1535 540 1536 364 3
578 2121 1851 254
836 838 144 6716
972 3 6344
7080 12713 5598 2182 15804 11738 2453
1466 5692 1467 775 491 1810 140 1827
7577 7578 1140 1980 4363 12775 2867 4238
11 27 1 218 6 1770 138 294
180 2513 181 2514
78 4039 273 83 14 148
2280 2124 2125 2126
64 7 135 423 148
883 518 2438 884
5055 6406 547 5698 1921 3206
2904 2905 6741 2906 2907 2908 2909 2910
12293 12294 12295 477
1 218 6 8790 354 357
5577 85 86 87
6509 1934 37 1954
567 2310 568 569
12 525 1518 526
731 4802 670 6847
3358 347 946 861 2103
27 17 6 1769 83 3 934
5097 5098 5099 5100 4833
90 777 701 2168 1714 397 102 104
155 3645 1857 258
399 600 1834 400 32 1934 37
21 361 3682 3517 1694 1696 1600 2042
4884 2332 4981 468
1693 2438 2217 17032
4725 364 83 4409 424
871 244 245 469
1065 1548 889 631 2872 257 1825
4696 1644 4500 46 379
4832 5095 5096 5097 5098
27 6 7011 43 14281 12528 3
1810 3 744
512 98 1002
4172 860 1769 219 946 756 4026 6063
2409 5602 64 2361 8580 6279 1481
5535 91 427 3045 3409
4441 1805 1839 356 357 154
6 1803 1754 1838 3197 811 815
4010 313 464 465
14815 5446 9838 12537
3712 815 2093 644 64 5975 3885 5707
297 6011 824 83 2168
2118 1120 7 205 85 6346
27 55 18 7 2850
6 2 56 90
1835 444 6886 1817
2311 8348 87 6835 15967 18106 6016
218 6 41 253 2069
1808 518 45 3805 148
504 379 2213 3218 691 4040 3800
112 1071 560 1717 3809
7 85 86 452
14001 83 3 14014 14015
5718 3145 1656 3615 266
11 1569 1 6
1481 134 3553 568 77
218 6 361 4417 3516 1806 148
1166 3804 294 8795 8796 8797 8798 1762
2176 7798 1885 7799 1454 1888 7800 7801
11 27 40 6 1884
1807 2044 233 368
334 335 336 337 338
9918 3431 2887 864 1469
8482 1817 1818
7425 7426 7427 7428 1976 1977
148 434 435 587 448 4581
27 1 632 901
1 6 772 1810 3
908 1570 3141 2160 696 3804
1955 2851 205 4860 1958 4395 1960
1 993 221 3
6 90 28 7 32 6509 37 9473
4892 9486 9487 9488 9489 9490
4019 12869 3136 4533
27 6 83 1138 7 6876
1 218 40 6
247 229 512 1694 1112 1628
5375 303 772 1132
11 987 218 6 2 148
423 563 1817
1440 1449 1450 11 1 218 6
275 502 6 3515 1837 1600 590
11 6 512
64 77 148 458
218 6 1144 1514 255
3237 148 425 432 437 438 440
10674 5408 71 135 999 1000 3297 4597
3488 62 2388 1037 3146 135 1141
1868 77 1843 633 136 3011
534 136 667 425 432 2143 585
1675 1677 1678 247 2119 220
764 769 688 232 259
1694 8399 662
508 11 488 4111 1802 1 218 314
265 7 1155 1579
3607 598 45 524 973 4757
3530 3723 312
2959 3390 996 4750 6570 6013 4751
