17 62 9 46 10 19 72 26
253 25 39 256
12 36 28 68 19 23
60 67 247 248 57 59 253
245 12 60 65 252 50 54 253
86 110 5 43
55 245 246 7
28 144 50 246 6 10 33 42
48 4 9 11 8 24
150 249 7 250
28 31 35 36 67 70 54
11 20 24 13 42 17
144 12 219 245 48 51 246
22 23 17 12 34 18 31
11 59 26 7 27
69 100 113 55 68 79 81 111
37 41 58 46 69 55 110 113
136 59 61 66 70 78
141 2 143 5 144 199 12 245
144 26 209 245 6 22 29 253
179 4 19 37 180
187 50 189 190 245 56
17 28 20 31 47 1 12
3 9 33 10 36 59
47 74 114 112 117 48
24 60 26 43
9 28 10 7 13
9 37 42 13 54 76 17
9 66 14 51 17 39 18
98 26 79 41 53 94
15 70 17 6 22 50 23 51
13 45 18 108 46 23
35 51 26 54
118 132 40 139 141 52
64 70 132 2 62 107 139
79 76 113 4 65 114
17 25 18 55 23 28 26 24
248 47 256
248 16 28 253
247 250 22 253
15 33 8 3 67 9 46
5 39 42 8
247 7 253 31 38 254
46 50 31 98 43 108
195 81 109 197 245 49
8 20 62 9 40
1 34 35 4
25 43 57 26 38 27 32
40 133 12 143 144 5 145 149
37 54 247 13 252 18 253 33
14 43 55 17 27 20 19 22
17 3 19 50 20
143 3 144 145 147 16 149
4 27 58 114
54 110 3 6 113 23
10 32 33 253 16 19
23 253 29 31 258
10 55 26 27 29 43 53
65 26 48 71
32 77 23 33 64
246 15 253 24
29 113 6 117 133 55
117 2 118 121
195 197 198 247 31
75 76 139 143
53 36 113 132 83 133 69
28 35 36 70 69 56
79 111 5 23
247 12 252 19
45 37 43 58 70 100
43 246 82 253
149 150 187 24 62 189 190 245
246 29 38 250
89 63 113 48 114 38 117 39
9 88 13 23 29 17 15 18
42 144 195 245 16 55
109 110 117 7
66 246 7 11 253 19 255
25 214 245 15 52 64 253
32 149 150 45 184 189 190 56
20 1 61 37 9
8 2 9 23 14
67 255 53
143 41 82 146 80 149 44 150
246 57 247 19 253
29 30 39 44 137 64 139
9 52 14 17 24 4 26 28
133 33 48 136 70 139 143 145
8 45 13 22 81 14 96 17
22 252 12 255 29
250 253 255
65 133 55 136 68
197 246 37 247 6 250 50 253
28 62 110 14 117 3 118
32 195 245 246 250 7
35 144 30 245
27 28 55 35 49
117 119 5 33 120 52 139
19 41 26 7 48 34 56 53
51 78 79 68 110 39
4 119 46 120 75 139 61
39 132 1 2 77 78 133 45
28 29 38 71 35 39
2 247 52 252 37 253
118 120 96 122
43 144 49 195 250
82 8 13 45 54
44 11 32 26 27
61 133 57 143 2
144 32 145 149 150
135 33 64 143 23 65 146
9 253 14 17 255 284
247 253 25 28 71 255
35 40 4 41 18 42 49 70
25 79 133 24 143 144 145
92 136 87 139 143 23 147 149
164 11 179 180 32
40 42 26 36
62 143 30 144 75 146 53 54
184 189 190 56 195
36 26 24 29 35
38 51 14 27 48
71 72 139 42
247 253 40 61 67 255 53
69 85 13 19 17 1 20
18 42 20 2 23 32 26
17 90 23 102 26
77 271 47
17 18 53 24 20 41
121 30 33 49
214 15 247 4 253 254 24
2 9 58 15 27 37 17
14 40 43 31
49 57 8 43 58 9
184 66 195 246 47 250
114 3 6 117 1
13 41 67 14 68
28 52 86 100 14 75 18
191 245 65 246
9 51 15 45 17
28 26 4 27 41
65 81 247 252 256
147 41 149 150
43 53 72 9 6
48 78 30 113
7 253 34 44
43 254 20 27
209 245 38 246
10 24 53 6
48 16 55 53 7 112 22 113
55 26 27 47 33 50 28
50 73 25 47 78 79 59 110
252 31 32 253 37 40
8 27 28 58 61 35 10
44 13 45 72 40 78 29
150 87 195 197 198 245 38 247
250 253 22 25
120 12 143 4 6
35 31 32 51
62 147 68 149 7 63
27 139 7 24
19 24 255 39 280 48
193 245 6 37 247 42 44 253
46 69 77 74 16 78 37
133 66 136 71 143 5
78 110 113 62 93 117
19 23 22 45 26 37
1 33 120 4 134 139 141
1 26 30 9 21 36 39 10
74 20 49 78 50 99 72 108
79 133 24 143 144 145 73
5 118 49 127 16 23 132
187 245 18 246 253
141 53 143 52 144 12 219 245
110 28 117 1 118 135 43
92 117 4 118 119
31 26 32 27 73
17 1 20 23 50
249 30 253 14 254
245 31 253 34 254 255
78 41 79 110
252 253 41 266 27
30 35 36 40 39
57 66 5 18 22
1 13 15 8 9
62 31 40 24
20 250 253 29
60 195 246 37 52 247 253
78 6 79 84
36 71 114 117 30 72
64 78 79 113
38 22 18 58 26 79
38 46 17 1 35
1 34 18 100
37 245 44 49 246 16 23 248
82 8 11 13
74 199 245 40 246 20
41 179 180 44 246 20
8 63 10 62
3 52 54 136 55 139 11
28 34 255 18 256 51
151 71 80 165 65 166 176 245
48 117 7 118 119 120
181 39 189 190 209
64 173 14 245 73 247
119 132 37 40
100 113 52 66 117
11 13 52 14 28
60 17 11 46 18 69 28
38 42 17 1 21 43 18 23
165 93 168 66 195 245 58 76
133 187 191 245
110 41 117 118 65 119 48 120
108 30 109 50 113 60 120
64 72 17 22 57 26 31
50 209 245 247 253
48 22 49 53 54 110 3
202 52 210 18 245 30 32
8 27 14 19
69 73 78 79 110
78 79 114 19
81 105 4 42
5 44 117 118
56 78 79 67 110 11 29 113
41 189 190 59 209 11 245 22
181 62 191 209 212 245 29
14 34 20 4 22 10 26
132 66 67 139
27 17 28 18 48
40 149 5 150 167 51 184 189
36 55 78 79 66 110 13 47
149 150 165 166 40 69 175 21
117 30 118 121 132 55 56
25 50 4 1
245 21 27 253 255 60
22 48 26 49 32
19 11 85 91 13 32
245 42 43 246 82 253
41 84 78 79 110 7
19 73 11 78 2
143 144 175 43
57 84 78 79 110 16 29 113
11 22 17 1 42 18 28 47
12 54 106 8
31 117 22 134 45 137 46
17 51 18 28 61 82 35
97 50 108 109 133
30 56 61 247 74 248
45 102 28 16
46 35 49 44 33 45 64
60 132 65 133 27
41 44 110 111 114
79 133 75 80 146
97 40 108 109 57 114
120 133 134 37 143 4 146
99 76 108 109 110 15
16 21 250 52 252 30 31 253
35 8 19 9 43 14 64
64 23 27 24
195 198 199 245
33 44 17 48 79 42 113
36 39 141 144 6
38 71 35 39 113 72 118
143 4 42 145
191 245 44 246 252 31 32 253
32 246 42 51 250 253 16
109 8 9 117 10 73 79 94
109 55 112 32 117 118 43
70 26 78 113
139 55 141 134
16 250 45 253
189 6 245 255 47 51 69 259
144 177 181 189 190 245 32
143 144 245 34 47 86 247 12
34 37 141 35 36 143 12
26 27 78 28 38 35
32 35 26 21 27
253 13 18
14 12 47 18 22
14 16 8 24 28 9
6 19 29 31 141
66 15 49 17 11 22 48 26
17 1 48 18 130 22 100 26
26 33 28 34 36 32 15
113 114 21 25
16 70 14 96 105 17
143 146 43 147 50
57 29 113 117
29 245 35 50 246 255
74 62 78 79 82 110 117
127 9 132 41 139
246 247 253
75 47 84 10
1 76 95 2 36
25 8 26 9 61 21
21 45 48 249
30 47 14 67 77
5 79 90 21 28 108 109
10 60 81 15 54
8 49 144 24 209 245 35 37
110 10 34 44 111 117
1 9 75 11
11 149 191 246 253 27
48 252 66 69 253 25 26 256
118 90 133 91 135 139 40 143
20 117 118 44 134 41 136 51
118 120 132 72 73 133
21 32 103 35 65 94 36
57 117 119 5 33
63 144 210 245 53 100 246
132 61 92 139 31
77 35 43 36 84 69 60 46
110 6 113 44 82 117 1 118
114 52 67 117 20
246 65 80 247 14 29 30
38 17 43 76 35 32 36
29 132 32 139 141 143
13 7 17 2
68 87 20 88 59 31
14 37 69 17 30 18 20
53 41 74 34 78 18 79
50 118 139 48 144 199
33 117 2 9 118
32 260 52 281 77 86 284 19
87 117 1 133
20 49 78 50 99
20 55 77 88
71 230 65 231 232
70 195 204 246 19 68
1 18 41 56 19 33 23
109 56 114 42 117 4
11 58 13 40 17 41 19 54
72 5 10 21
57 58 26 37 59 27 89 101
48 58 253 68
114 117 22 118 132 65 133
246 3 253 258 25
149 170 22 191 246 249 37
36 11 4 29 41 67 17
139 6 31 143
7 11 253 19
75 172 77 98
42 18 56 25 43 57 26 38
80 246 14 247 253
34 43 45 133 32
9 189 190 209 210
17 43 18 95 51 65 26
246 57 64 253 40 45 258 28
13 45 14 71 17
14 31 57 17 12 23 10
77 179 180 195 197 245 14 32
143 46 149 150 167 245 13
13 9 45 14 46
22 25 47 70 8 15
14 30 18 43 24
37 117 118 42 120
25 36 70 37 78
5 1 31 83
27 13 35 9
99 11 63 108
41 168 32 179 180
156 31 68 108 147 157
92 8 20 11 7
117 22 118 132 45
246 248 253 255
8 18 85 9
55 78 41 79 110 8
10 71 3 18
9 18 32 37 15 21
9 117 5 118 49
13 31 23 66 19 36 25
41 52 17 29
28 74 99 39 108
132 133 29 45 136 12
50 57 8 10 45 13 22 40
24 11 42 68
41 53 113 114
24 8 12 9 81 10 25 95
39 109 41 44
143 11 144 29 245 246
50 283 14 57
13 19 8 7 24
12 25 133 27 139
245 58 246 24 253
6 24 56
35 27 33 66
22 24 245 33
34 245 49 246
1 118 133 22 70 139 143 144
13 51 17 52 19
59 60 8 6 57 9 38 13
20 31 33 46 35 22 36
26 38 73 31 42 35 36 63
53 134 143 10
144 187 25 246
163 41 168 42 43
79 139 21 73 143 74 199 245
143 146 30 52 149 150
6 143 144 145 7
246 7 13 253
1 52 9 55 10
134 20 33 70 143 30 144
46 255 40 265
36 56 46 5
1 79 97 2 22 57
51 144 146 153 27 42 184
117 7 120 41 133 143
118 144 5 246 17 23 40
119 21 132 133
10 18 22 48 26
34 9 58 11 17 18
38 47 70 48 78 30 113
173 177 181 38 189 30 190 245
9 57 62 11 47 58 15
20 110 118 119 5 9 132 53
283 284 21 309 40
25 174 179 22 66 180
37 14 1 10 73
9 41 5 79 81
20 21 253 49 255 64
23 247 253 53 62 254
20 106 10 15
56 150 43 170 22
143 195 245 246 12
117 16 39 135 5 29
56 118 133 92 97 135 77 139
26 27 65 35 10 36 33
132 23 41 44
84 89 8 64 14 57 17
23 29 13 30 48 17 14
18 46 74 21
253 254 262
68 26 69 28 16 31 50
39 35 11 48
35 36 67 42 74 78 19
53 246 18 253 36 40 257
108 109 82 110 11 113 117
28 12 22 31 27 44 35
117 5 118 27 139
36 52 44 37 45 71 74
61 67 255 53
55 23 22 26 34 27 32
53 7 113 16 117 11 119
25 245 6 7 24 33 253
171 247 7 253 31 38 254
33 58 143 144 60
38 80 8 28 9 91 10
17 7 16 32
23 81 95 72 27 113
20 79 63 110 11
31 56 93 110 60
1 7 118 44 132 42 133 23
143 25 209 245 16 30 51
7 79 66 113
52 44 37 45
21 209 245 246 23 253 34
43 18 23 52 64 37
199 245 26 32 36 246 12 247
76 195 197 246 37 247 8 250
147 15 149 29 150 67 187
56 25 43 57
16 36 56 18 29 49 20
47 72 17 32 18 14 38 22
34 13 39 82 17 35 22
13 41 14 38 40 17
29 22 34 26 24
120 10 132 31 32 139
25 35 5 26
117 125 36 85
36 69 41 43 6 74 50 60
71 102 22 64 26 31 57
9 14 34 1 15 20
17 27 20 19 22 40
38 58 76 26 8
68 69 248 19 253 50
78 79 54 110 7 113 117
106 2 51 60 5 12 29
73 144 146 150
35 150 37 13 54
33 44 17 48 79 42 113
5 55 8 1
40 145 23 149 15 150
20 35 36 47 48 53 54 110
102 26 31 82 27 78
78 79 111 117
113 117 1 139 143 146
137 141 143 144
19 52 54 24 42 27 34
118 87 133 139
46 68 113 10 73 117 118 121
253 22 25 255
61 133 143 2 39 144 8
117 10 29 118 132 60
6 73 17 1
29 149 150 209
117 118 42 120 17
5 17 1 68 22 60
42 246 3 7 253 22 34
26 1 27 102 39 19
113 117 120 133 143 6 146 12
1 22 20 23
10 253 257 50 262
190 21 199 45 202 52 210
2 10 24 53 63 4
47 198 246 22
59 120 1 133 58 135 57 141
17 1 15 18
179 180 195 197
33 53 113 114 28 48
187 10 189 6 245
77 108 109 86 136 20
245 11 15 252 253 30 33
8 26 9 69 10 14
48 145 168 33 245
133 66 136 143 24
253 67 72 255 75
144 147 149 150
29 34 52 175 41
117 118 21 120 6
31 23 35 74 34 78 79
27 36 45 67
28 47 78 35 41
20 21 253 49
35 8 45 36 37 41 58
1 37 40 85 110 3
1 20 34 53 23 26
35 5 15 36 30 39
42 66 76 246
247 252 21 27
20 50 64 37 49 26 27
58 135 4 141 245 45 55 249
12 18 60 31 23 57 35
22 30 41 27 47 28 16
114 68 117 118 120 121
15 16 36 25 28 73
15 26 27 56
139 16 143 144 245 29 46 246
37 29 35 36 39 245
113 28 69 35 76 78 79 110
250 35 253 20 258 262
29 30 6 39 46
16 25 5 53
19 39 22 64
114 66 117 133
117 132 2 133 5 13 22 136
11 245 24 246 53 248 17 19
86 11 22 36 14 96 17
8 9 76 20 24 50
108 109 110 16 28 117 11
50 35 36 58 48
117 118 245 43 254 20 27
4 34 133 30 60 141
52 133 56 139 143 48 151
26 11 27 40 28 75 99 35
73 33 78 11 79 51 113 117
7 253 22 34
202 246 39 247 26 253
108 11 109 52 113 133
34 78 18 79 110 113 117 121
133 134 37 143 146 15 38
57 17 18 20
48 136 70 139 143
143 144 195 10 55 197 198
46 56 113 11 24
45 37 43 58 70 100 21
139 42 143 199
54 15 32 49 17 18 53 21
113 132 43 47 133 42
118 68 119 121 26 139
12 78 79 113 117 118 132 49
19 117 31 122 22 24 132 4
71 31 24 68 35
245 22 70 246 248 252
245 32 33 37 40
18 62 22 13
18 62 22 51 26 27 65 35
57 11 4 14 17
49 98 75 101 108 64 109
253 15 268 17
29 46 57 26 62 113 14 114
18 51 74 24
36 60 35 73 69
54 44 105 16
144 34 71 245 14 38
35 36 73 55
133 139 50 143 219
34 117 1 118
110 31 64 35 65 36 70 85
17 27 77 1
13 30 39 26 41
189 190 199 212 245 7 21 24
246 252 25 253 35
16 54 53 87
180 187 189 190
101 8 5 13 16 52 60 17
184 189 190 245 246 247 257 24
42 36 101 75 108 109 92
84 181 184 19
144 2 209 245 23 28
186 19 24 189 190 213 245 45
45 35 2 36
9 61 20 42 51
55 8 46 80 9 59 10 62
29 78 18 79
109 53 110 43 111
10 26 39 12 44 114 118
49 48 39 76 53 110
49 116 261 67 68 266 103 107
246 6 9 253 28 259
29 150 195 197 198 245
253 30 258 20 259 23 262 44
55 26 64 28 31 35 36
21 48 246 38 71 253 54 262
245 246 250 42 253 14 22
35 77 101 60
72 17 1 47 7
32 37 35 41 12
72 74 82 119 46 66 120
10 35 1 36 110 5 31 117
135 24 143 146 20 149 153 59
117 13 139 27 143 11
15 18 34 26 25
30 114 29 117 132 70 133 28
10 17 69 34 82 78 79
32 184 67 195
7 49 78 79 96 110 118
78 74 25 44 79 110
118 65 119 48 120 49 64 139
111 6 13 117 118
149 150 162 15
136 3 139 49 143 33 144 145
13 31 40 144 146
108 1 109 45 110 117 118
7 43 8 1 9 52 10
2 23 21 40 10 20
16 27 132 51 53 133 2 139
81 95 121 186 8 61 107 9
245 52 94 107 247 248 47 256
34 283 309
13 19 36 40
42 135 139 14 143 5 27
141 66 143 3 144 14
40 53 11 4
146 37 149 150 191
51 5 13 25 8 26 9 61
20 147 149 3 150 38 195
36 46 246 5 253 32 272
56 146 53 149 150
33 58 143 144
136 73 139 14 143 199 245
117 44 118 73 123 33 39
179 60 181 69 189 190 245
71 78 1 79
10 35 36 51 110
13 32 49 17
33 78 15 79
247 250 22 253 256
20 265 29 38 266 10
6 79 55 110 9 117 118
27 117 133 24 33 44 135 43
77 27 117 28 34 35
101 133 20 134 92
17 20 37 18 65 22 10
62 35 36 73 44 61 78 32
163 4 10 184 189
15 54 145 147 84 149 153 246
12 40 41 76 77
150 191 245 37 48 246
253 33 258 25
56 113 11 24 62
86 11 22 36 14 96 17
1 14 42 3 73
54 18 24 41
70 108 109 80 114
110 16 117 1 118 22 122 7
23 16 26 27
32 36 13 57 71 20
15 79 110 117 5 118 28
21 36 41 15
18 27 5 7 17 8
9 58 11 66 75 14
45 248 27 252 18 21 253
45 113 60 117 46 119 25
74 78 4 79 58 110
8 38 9 31
46 11 87 17
100 11 68 13 28
139 23 143 4
35 36 70 82 73
11 1 52 18 58 24 19
171 13 195 197 198
7 33 54 76 8 2
8 19 9 45 22 25
150 209 12 245 29 248 18 253
59 63 133 47 143 144
5 35 38 8 30 9 44 11
56 66 256 34 259
31 39 41 46
74 94 13 51 61 17 1
9 29 52 10 17
113 117 135 11 34 141 37 65
41 246 12 248 34 253 254 45
33 255 259 21
98 41 108 8
99 145 71 149 65 204 245 51
45 113 126 35 132 4 133
9 31 39 14 32 47 17
11 41 78 13
35 22 44 45 74
33 34 43 45 133 32
144 15 195 204 10 246
108 16 109 113 132
79 52 97 56 108 109
144 73 203 246 23 52
209 245 9 40 55 253
58 136 45 139 143 144 62 205
28 32 262
42 248 252 253 57 284
6 79 52 97 40
250 253 15
118 60 136 72 139
16 25 5 53
8 79 54 110
113 7 117 133 90 135 6 47
54 63 245 30 249 253 284
255 86 259
80 108 11 58
144 147 149 150 246 13 18
10 16 143 144 54
168 179 195 197 198 245 248 6
132 59 133 143 4 26 161
62 17 4 20
79 11 9 70 17
16 78 37 79 110 111
39 41 108 109 46 114
8 2 32 67 9
50 283 14 57 309
55 41 31 49 78
139 143 4 44
143 144 153 75 187
27 84 31 61 35 44
44 75 24 33
22 265 269
118 132 79 139 21 73 143
32 8 12 9 37 22 18
4 248 17
28 21 23 37 65
73 133 40 50 139 59 63 143
2 117 146 11 149 166
48 258 23 27
191 246 37 54 247
39 79 35 31 36 88 22
68 117 118 120 121 12 132 79
19 41 47 22 11 26 27
13 61 8 1 9 68 113 136
29 30 252 16
144 187 189 190 245 58 246 255
52 54 136 55 139 11 50 143
13 16 52 88
13 22 26 14 44 52 17
245 40 246 72 248 255
4 36 13 46
79 113 133 73 135 14
60 20 36 38 6 25
9 117 133 143 191
22 72 77 26
117 4 118 119 3 53 82
53 70 71 78 61
87 38 39 69 71 78 55 79
66 35 7 36 69 78 79
43 11 58 14 29 37
15 253 30 42 62
31 47 35 36 53 15 113 1
71 102 22 64 26 31 57
94 13 16 70 14 96
27 46 38 70 53 32
55 77 88 247
141 33 63 144 68 153
1 113 117 120 3
51 141 143 42 47 161
86 17 41 18
35 7 36 69 78 79 113 117
58 110 7 117 1 118 34 139
25 35 11 46
18 20 21 55 26
5 11 37 43 47
246 12 253 17 23
16 250 40 43 253
118 57 119 67 120 91 139 66
58 245 18 55 255
37 253 39 67
48 51 253 35 43 254 68
24 41 117 118 45 132 43
1 9 37 15 48 60 17 38
29 247 58 252 79 253
27 44 46 6 53 3 54 72
4 15 11 7
50 246 28 247 36 37 253 19
246 21 247 253 13
43 79 110 14
18 37 29 35 36 39 245 25
245 36 40 247 13 253
245 38 247 20 250
110 12 117 118 124 139 21 143
4 27 29 8
51 86 181 63 245 44 47 65
36 110 4 43 117 118 132 44
9 45 52 35 13 36 44
110 38 47 112 33 117 1
20 25 26 14 27
12 30 143 31
5 45 143 144 52 145 149 22
36 30 39 16
144 162 179 15 180 187 189
85 13 22 14 49 50 76 77
68 81 17 24 19 23 22 45
61 92 139 31 56 143 57 90
43 120 4 134 50
51 190 246 61 250 46 253 66
139 143 97 146 67 149
92 246 253 86 260 66
136 39 137 141 143 144 59 191
245 246 23 253 34 258
49 173 245 22
79 53 110 22 117 118 139 143
32 39 253 63 254 25 255
218 245 39 68 246 11 247 47
78 18 79 65 113 42 117 4
43 117 1 118
72 108 49 109 80 114
7 51 8 1 9 62 28 24
121 170 70 81 177
245 73 247 43
54 247 253
253 39 49 258 34
143 37 144 50 147
133 4 139 84 141 138 143
21 36 113 132 41 44 141 3
5 38 120 8
44 105 16 38 108 109 51
40 54 117 118 132
2 40 133 12 143
51 65 26 87 41
250 39 253 262 59 74
26 115 10 16 117 118 29 146
70 48 68 43 74 78 34 88
43 59 108 36
45 78 22 79 110 117 118 120
71 114 83 117 1 133 8 143
15 5 27 30 8 1
117 118 54 132 35 141 50
143 20 144 195 245 19 58
37 18 22 44
83 22 66 24 45 26 46 67
202 246 22 247 11 253 15 20
22 26 37 31 41 8
135 48 143 49 184 4
141 143 144 245 16 248 6 253
36 25 28 73 51 78 67 110
25 31 246 14
123 13 66 17 43 82 19 90
132 58 133 139 19
42 27 73 114 47 80 117
41 24 37 97 58 108 47
38 46 35 29
19 33 110 7
22 24 245 33 246 13 253
16 36 47 46 12 69 30 78
245 29 46 246 14 253 18 256
2 1 5 32 35
20 184 13 189 190
117 48 132 65 66 139 143 62
27 18 62 22
26 33 18 77 22
133 134 16 143 195 245
7 14 111 117 118
204 10 246 19
45 40 87 78 79 98 110 12
117 118 25 139
85 256 25 259 16
2 22 40 86 98 8 9 41
48 22 70 47 79 113
24 114 30 146 10 16
173 32 245 50 246 28
1 96 108 5 23 70 8
79 90 110 43 68 117 118
69 28 59 76 35 42 36
10 25 17 19
5 117 6 136 39
21 35 41 10 27 62 11
43 108 29 109 49 112 42
18 64 23 27 24 28 41 35
25 29 4 1 5
73 8 61 13
35 36 55 49 39 53 9
66 246 252 253
14 38 46 17
45 246 63 248 5 253
121 70 93 111 78 77 79
35 18 32 28 13 7 36
19 27 38 53
118 121 5 125 23 132 38 39
50 35 41 58 42
44 26 3 45 73
36 8 67 9 43
245 15 29 31
84 23 55 72 36 80
2 5 29 8 3
4 1 57 9 65 10 31
110 59 118 119 28
120 15 22 132 58 59 143 56
25 30 85 90 94
11 36 70 45 78 22
35 74 38 78
90 133 91 135 139
17 250 38 253 10
24 250 253 39
143 144 146 28 249 253 21
55 46 54 53 61 110
17 34 20 44
103 144 89 91 149 78 150
21 284 7 49 309 310
81 110 117 118 132 7 136 73
245 57 247 253 256
245 35 50 246 255
8 24 21 57
117 118 25 132 68
53 68 164 42 195
63 248 5 253 28 34 255 18
1 53 66 36
1 2 77 78 133 45
68 20 14 24 57 59 15 37
5 15 23 8 9
16 245 41 247 248 15 23 253
2 24 61 4 7 17
23 26 115 10 16 117 118
79 45 110 5 30 117
26 27 61 38 63 77
19 143 144 2 4 47 145 149
28 23 40 35 36
133 35 139 143 18 24 144
14 42 3 73 74 8
117 118 121 32 44 122 16 132
48 26 14 35 30 54
4 9 20 49 61 8 1
44 1 45 113 126 35 132
78 6 79 52 97 40
251 34 39 253 23
139 5 143 21 246
47 114 48 117 7 118 119
5 1 8 6 36 9
11 46 18 69 28 43
55 78 14 79 68 113 11
40 26 38 27 55 62
63 22 33 34 26 10 20
68 17 36 18 20 45 67 24
48 104 53 113 20 117
245 11 246 23 27 253
150 29 166 167 184 185 38 189
69 109 78 79 110 15 47 74
75 182 47 246 18
256 34 259
27 14 90 35 7 36 62 44
8 17 23 9
8 36 44 9 68 83
117 1 118 135 48 139 37
36 29 35 34 72
17 16 18 22 44 31
61 149 29 150
19 55 22 26
250 31 253 26 27 260 261
49 20 26 11 30 32
40 26 30 29 38 35 21
26 283 309
35 10 73 78 14 113 117 7
12 27 37 74 46
246 13 253 28
120 83 133 38 134 139 6 31
57 139 9 143 2 54 144
16 52 88 32 31 5 36
76 17 22 46
82 23 36 26 27 75 28 63
10 25 17 19 18 26 12 31
132 2 62 107 139 6 16
48 114 38 117 39 135
4 118 37 139 15 143 27
4 13 30 8 6
139 58 143 3 39 144
149 150 186 189
8 22 9 47 15 38 44
2 26 27 35 18
253 255 283 284 21 309 40 310
39 44 253 48 85 281
5 11 8 1 9 22 86
29 5 1 12 8 21 9 18
18 56 149 3 25 51 150 76
16 50 8 1
60 63 257 75 76 260 47 52
110 52 56 113 13
8 16 17 9 63 22 44
