584 3033
127 1354 323 11844
3 8512 322 456 15 299 72
123 748 319 356 1698 702 1548 116 123
8 447
3588 1111 62
121 4708 31
656 10 1041
10 661 46 1264 31 13264 46
1166 38 10 2485 22
738 7363 78 10 428 46 3901 31
2099 46 8475 387
61 91 15 181 446 267 41
218 121 492 22 267 555
319 2017 72 669 4
1548 31 3621
10 1727 55 10 1151 38 10 4871 46
2907 22 1022 10 4591
10 1249 5057 12955 188 22 1134 31 254
2725 31 998 113 4 1835 31
719 341 669 60 51
392 46 178
8665 2746 31 2524
3318
150 384 38 10 2546 46
419 2445 188
106 4562 38 121
4338 14400 13672 4341 14485 2478 356
31 114 150 125 5429 10 5430 46
356 738 581 113 2653
46 10 406 2123
10 926 583
3170 118 46 52 46
55 10 23 783 2612 59 25 371 9731
1077 46
38
570 311 2373
14 41 2181 4439 272
33 446 2373
102 3579 46 3089 31 246
10 11716 2530
150 384 202 327 10 406 1698 1585 1069 1548
841 10 54 1173 31 113 456 59 15 1299
384
570
10 1709 31 3181 46 10 365 31 46 121
218 10
246 375 4290 55
43
356 1 222 46 6547 6546 31 6201
748 129 427 11462 31 129 427 250 456 267
719 8 381 2523 1585 2932 1972 7455 1452
356 4712 1585 6305 1503 1512 59 392 636 10
38 10 493
388 1098 125 22 127 1128 841 1838 388 10
356 356 900 10 134 472 46 8417 10
325 2099 129
5012 43 10 5013 14 456 267 716
6980 8 10 4413 1039 3045 14 456
150 218 160 5331 106 543 8
2524 50 14 15 38 2546 5284 162 10
738 554 1024 121 428 38 241
322 1838 129 318
10 4620 46 2119 1807 2223 418
55 61
46 10 1134 46 8756
387 1027 31 113
31 2741
31 6522
4935 8 408 591 46 269 2824 243
15 46 10 179 46 374 20 46
8 1166 22
554 31 150 4415 319 356 3127 10
10 5131 38 4858
406 2597 38 10 3530 46 381
31 10 3020 3571 38 6392
14 43
427 2820 4119 31 188 427
6546 31
1128 147 16 428 31
188 10 3067 661 46 10
427 4996 4290 123 178
656 10 406
59 22 560 4237 127 10 10111 46
356 2892 46 7691 10 774 46
719
524 31
4696 31 218 374 43 384
278
392 46 374 351 3111 3600 31
204 127 113 23
24 234 499
10 406 31 10 406 24
150 125 31 719 150 125 1562 1585 1503 357
267 1290 125 129 10 1173 46 384 22
356 738 72 12623 13404 305
188
46 10 2398 22 113 583 2313 51 43
41 10 962 46
473 8 121
537 72 10
113 3398 43 384 305
10 4729 4242 46 10
406 22 113 456 104 105
3031 2565 384 38 829
31 78 1842 8 121
267 4573 384 8 257 384 4890 61 147
1517 31 887 31 4120
1678 14 805 10 6150 46 61 91 473
10 179 118 10 179 15 872 8
46 10 408
341 204 222 2571 10 11 224
222 356 2763 505 61
356 669 2473 281 8 3414 1838
397 38 1452
661 656 748 1228 218 10 3 686 669 2473
799 1173 46 392 5846 31 1739 2055 46
150 10
966 31 387 8 125
3813 129
1076 447
113 2123 72
33 2373
356 738 113 3995 5712 38
396 1077 38 10 2517 46 563 1213
1076 31 38 942 46 440 43 748 31 783
31 15 567 31 10300 786 440 38
1610 3381 31 719 150 1452
2565
8 3227 168 22
8 10 1972 46
33 1230 1231 1409 267
3625 305
669 62 4 30 150 427 3530
2373 10 1746 8 532
267 150 668 11512 150 10 1528
10 11268 38 5788 16 10 3247 46 11269
2993 1080
638 46 6960 3548 43 121 4323
102 731 4244 150
10 7755 31
822 55 10 4875 8 1449 14
3 150
341 10 406
2871 668 649 584 31 346 2076
10 2019 192 127 168 2274 1098
4415 281 323 10 1033
738 10 406
58 168 31 29 105
3548 46 10
125 456 2373 9954 38 560
22 246 43 668
23
3659 111 46 10 3936 31 3523 3659 8 10
4582 150 668 319 356 3443 150 218 10
123 121 5388 31 62 1673 384 524 31 218
10502 160 607 24 279
4 669 1154 178 215 327 10
16 8543
4620 41 38 10 1189 46 1499 1080 1499 113
1069 121 11354 3446 384 2273 10
323 10
15 1154
45 46
356 5429 10 823
1360 46 2653 31 8476 456
716 61 3979 46
64 1218 72 669 4 3469 570 22
3233 783
356 738 805 106 3180
59 61 1012
2793 267 1186 38 8 103 43 384
10 1189 46 10 1134
355 2532 31
878 38 244 1156 113 456 15 2647
356 77 403 41 300 162 10195
8 10 403
46 10 4383
1002 12623 31 12624 121 2268
815 22
2123
1123 291 8 3455 46 8293 10 4472 46
22 41 671 150 668 31 8
388 38 9642 356 2661 113 278 1123 150
323 10 1134 46 10 406 388
2612 3469 61 956 188 449
879 2123 11818 365 46 1844 31 218 121 3548
5707 65 1739 106 8269 1 662
22 2373 108 58
5377 52 5378 188 570
12 150
22 121
125 966 9724 8 178 396 1828 113 62 3518
296 14 78 31
10 1189 880 31 10 6384 38 10 1189 880
738 267 3280 668 4696 10 348
10 2089 1143 46 1010 186
456 15 3428 10
61 3255 46 10 406 38 4281 5478
31 10 2677 456 15 38 10
178 2850 31 178
209 8 15 168 29 7169 72 7658
2828 208 456 3341 16 10 2810 5197
22
3 356 2605 1223 10 9965 46 942 8
129 656 748 31 22 267
43 10
456 505 31 456 59
46 10 6248 581 62 669
4263 805
3397 22 78
668 319 3110 702 1213 22 102
2350
125 371 1161 125 118 2834 2448 150 125
10
34 14 41 59
46 427 3181 23 783 2612 593
208 449 874 23 4439 59 272 12 878
178 1081 15
384 388 150 9535 10
103 10 1071 46 2412 31
10 365 46 1844 31 267 456 1813 14
31 1449 878
31 168
31 427 2978 41 46 10 408 46
738
2396 46 14 311
356 1
12623 31 2123 126 8
14 218
2712 43 160
31 3944 125 38 121 3159 31 456 7857 3782
748 129 222 31 427 2955
341 783 994 966 427 1890 129 10
2373 8 5693 10
8 10 1134 46 178 183 31
257 384 4429 61 3133 46 893 111 46 10
1069 3200
319 356 2807 31 1994 381 1585 2854 202
178 1165 31 4333
121 2268 1681
581 5
356 77 113 1705 59 10 4474
456 4621 302 456 15
46
116 10 1069 371 38 10 10672 118 38
406 24 7583 748
974 255 3031 783 3601 668 1987
356 669 2473 10 406 427 392 23 154
10 6044
738 1024 427 1134 15 457 10 1134 46 3991
267 78 34 61 1734 10 12614 7841 384 322
473 8 10 1662 2170 2185 111 46
2473 5659 31 10860 38
2763 8 668 191 10 143
456 15 8 668 61 493 46
118
46
10 4239
6534 31 8250 10 82
669 74 1527 16 2604 34 2473 669 59
446 113 4007
61 8123 1295 46 179
318 46 2525 619 1141 748 830
267 22 3198 841 10 2835 4541
4868 656
392 46 374 55
218 10 661 255 31 681
3743 38 121 1173
10 2531
7748
738 267
621 31
748 162 218 10 543 22 4106 748
22 2673 566 121
114 3421 31 669 62
456
46 374 129
31 719 150 384 2372 748 2368 668
328
505 31 621
356 738
4879 46 846
11018 41
121 14013
1077 46 91 41
570
384 388 46 449 12 444
72 669 2707 8 103 10
2496 31 4398 3797 1098 10 1069 31 113 246
59 296 3 113 246 23 267 1070 150 125
15 446 267 4544 188 10 4062 46 121
22 381 3272 129 524
427 241 14 41 1585 10374
456 388 1549
41 754 10
43 427 799 1173 31 621
669 78 43 125 38 10 39 669 975
160 5331
374 267 327 2785 661
355 719 2661 783 2607
191 111
193 10 1454
877 5838
15 55
392 719 150 10 365
2373 63 125 1192 129 178
669
1173 20 285 1508 46 578 234 656 31 1509
472 46 178 1734
55 2002 123 125 2003
356
179 46 374 4 11528
46 8822 9214 356 1659 9793 7197 46
6351 1191
3199
1277 38 125
16 31 3446 384 10 684 46 218
1543 8 121 352 31 72 1018
305 218 243 2593 446 2582 3616 20 1770
8 1458 966 55 2047 46 3901 55 3901
62 3527 10 534 46
46 1534 31 10
1517 31 222 46 2665
2465 8
2470 33 113 387 805 178 520
2063 3034 38 10 3104 1649
14 8 187 52 5204
356 738 113 1913 59
31 121
38 4847 31 3430 46
10 406 24 719
367 38 1585 4620 31 7317 427
230 188 14 31 267 456 1813 3831 10 2647
3048
125 323 10 4136
31 58 104 1867 58 104 142
356 738 446 121 3547 317
113 132 384 966 113 2847 556 188 64
113 671 10 3187 22 78 154 323 10
668
188 10 926 456 3359 384 190
218 10 1503 23 127
4467 440 446 267 2558 38 656 10
819 31 2123 191 8 4696 8 10 894
1 661 4054 663 92 1548 272 323 6872
46 10 7881
59 2470 150 10 1327 46 22 1211
669 1128 38 230 446 669
356 738 267 3446 121 428 974 255 41
10 419 46 3846 3858
669 59 15
10 4935 23 113
396 5083 58
7834 3028
218
41 38
3204 9394 43 10 9160 46
7556 59 560 1609 4770
1108 43 1452 305 218 31 1452 4893 15 188
3660 10
702 1500
22 102 2187 150 125
1657 22 102 583 2439
31 288 3 4 5225 668
41 10 1034
23 78 43 384 2807 581 1080 218 10
10082
41
8100 16 64 4881 31
179 46 3099
22 23 78 38
234
5475 31 9691
1589 783 9908 668 123 384 8 2741
846 31 234 5079 61
121 1173 31 267
3226 1987 365
805 384 31 3068 384 31
267 278 3675 656 10 1041 38
46 10 475 31 129 10 3001 22
5007 1513 43 887 55 61 881 2644
10 368 10368 188 10390 90 10365
691 2563 208 890
1024 1585 877 31 10 877
1937 427
102 281 8 570 311
1831 55 748 8 1548 1122
31 427 10396 456 59 15 1673 524
46 3645 6603 38 6872 43 1452 5469 31 6832
669 317 46
105 3806 91 162
129 427
246 305 2999 2123 272 8 8255
356 1185 10 365 46 10 179
8 15 38
2296 456 5024
356 738 51 456
2712 246
356 356 738 267 2123 8 12603 1807 267
78 38
111
12333 841
3434 38 427 183 1134
192 4365 31 3068 218 10 2677 43 10 3814
783 2603 38 10
3443
8256
6109 10 179 46 10 6098 998 783
46 4582 7085 815
335 43 61 10006 10 1350 661 113 10486 10
46 5534 382 46 10 179 46 3648
43 178
267 2847 59 121
356 738 374 719 150 3659
4722
59 296 41 10 82 46 10 938
46 12 138 593 8
191 805 3901 31
7516 38
281 323 10 39
356 320 446 398 278
457 61 2646
3746 31 281 111 8 668 31 311 1027
738 10 179
669 234 61 2761 43
59 994 1030 3140 323 10 2677 46 61
1070 150 554 31 150
43 384 38
738 10 12120 456 15 8 8904 31 8
10 9735
31 121 3988 3556
356 738 113 890 234 61 2761 656 10 406
46 10
1151 8
356 356 974 41 10 5660 2677
113 13072 305 10 1353 46
411 38 172 4173 51
2612 337 7357 702 783 2603
8 58 543
929 46 1209 129 998
1642 14 3970 384
129 121
6813 356 738 6814 31 6815 31 6816 356
669 234 3954 328 1585 2846 31 669 2539 61
392 63 2630 46 2631 31 2632
4195 4196 31 4197 4198 31 4199
3224 22 5286 1452 2468 319 5790 41 668 581
267 2123 4244 150 10 4608 22
384 46 121 5388 31 267 456
3619 31 3629 3237 31
356 442 62
46 10 662 22 23 328 669
2568 532 10 4470 656 10
1123 14 16 10 1173 46
581 38 7039 46
23 371 505 118 621 118 1027 118
1070 38 10 493 46 10 406
11354 1013 669 114 150 570 3127 104
10 4871 46 10
150 668 449 64 46 570 31 719 414
22 2524 10 649 419 2123 31
10 2712 46 10
356 2661 663 208 1420 121 1295 31
323 10
108 5032 192 31 22 113 108 281 31 2565
125 7143 31 3411 43
10
356 356 738 106 456 15
38 11785 1540
389 10
41
356 7118 783 2610
4239 23 2746 2559 10 3612
31 154 668 323 2443 33 59
356
1230 757
356 14165 38 2245 31 3733
61 461 31
100 1024 384 15
267
381 365 46
113 3087 8 3228
31 3143 4522 456 267 59 7811 1647
46 1844
417
4168 46 10 392 46 374 31
2650 6969 38 1010
805 10
3045 716 3181 46 10 2840 46
281 1074 10 5060 46 3836 78
31 1663 4239
55 61 838
2485 10 126 661 46 10 3635 113
939 113 507
356 738 267
38 305
821 2089 38 10 1189 46
2274 10
246 234 7545 33 22 2373 13992 8 950
1585 2854
22 381 278 1096 38
78 168 446 8228 317 14
2387
5489 570 43
38 702 31 121 47
419 46 2875 2878
719 150 125 2523 10 649 2099
8676 356 1659 1839 8522 46
46 3659 23 10 179
7169
46 3034 111 46 10 1034 1807 10 4239
121 1134 31
31 9902 38 178 1828 449 64 121 661
456 281 8 1166 22
1
121
2606 104 91 38 172 1409
456 15
2707 8 1907
121 5275 78 3795
1585 3226 10 365 281 8 121
204 3530 8 2047
406 10268 10
3130 55 61 3717 2644
43 10
1796 38
10
62 1224 748 111 46
10 11881 38 10 5439
669 114 150 570 564 3 5324
356 2523
12114 31 12115 31 218
356 738 50 61 2579 4 243 4249 31 1452
31 890 3318 4323 31 10 365 46 3387 31
113 4 565
7909 2187 125 188
1911 2574 43 121 2122
82
716 10 7180
524 748 31 456 187 748 841
2825 51 456 104 2669 2354 8
356 4898 1828 127 109 129 2047 371 41 10
2364 46
384 31 719 150 384
46 10 4608 31 1039 384 43
31 15 2745 356 1916 783
2764 72 218 106 241 23
783 4373 10
473 8 10 1173 46
46 121 397 31 2582
2099 46 9668
446 113 278 7216 31 2159 31 2847 178 2468
1128 125 116 2364 31
267 23 10929
841 560 3204 31 560 3743 38 560 1173
738 267 3006 125 31 719 564
2646 22
2589
46 10 2519
59 1452 396
1452 179 31 92 59
9535 365 46
38 121 3159 14 7241 384 8 532 14
3510 22
78 116 356 738 2188
1074 55 51 41 209 8
8 4083 4752 1039 31 5064 55 9425 31
738 113 271 125 10 2677 46 6633 10
423 162 204 206 3 356 1577 2373 13447
9746 302 43 121 11354 8 10 1595
46 4415 10 2296 3048 43 1452 5469 8 15
3530 31 8
38 10 1068
10 1012 8062 31 8 178 4551
196 46 10 197
14505 31 150
791 22 267 794 3250 191
38 786
669 271 1585 315
1452
4026 392 178 7912
2987 31 2568
127
384 31 46 10 4785 46 10 3187 22
12 22 2653 16 10 4168 1283 754 3119 563
2836 427
2810 46 2999
3315 15 55 1585 709 473
46 2999 178
43 1452
356
23 127
2478 356 320 14 2123 8 1166 72
244 446 267 2707 8
1987 392
356
4 317 178 4378 31 2473
6154 427 1409 188 10 926 23
267 671 702 129 10 1173 46 10
150 668 319 356 1077 46 91
269 91 2650 106 661
4936 2810 456 15 55
1040 31 2615 121
4696 4697 702
78 54
2568 4 218 10 5475 38
31 246
669 1123 291 150
738 398
218
46 846
31 1697 31 1721 288 72 209 46 10 649
2365 10 9649 23 271 402 150 10
3023
356 738 669 62 2816 10 1118 46
738 113 3237
46
267 78
10 4675 1409 10 4239 38 10
46 374 31 113 3068
10 929 38
23 10929 10413 456 5357 328
2563 218 10 3102 46 3475 3704 31 178 1012
406 278
55 783 3660
31 554 1073 1074 150 10 4537 2443 1807 392
10 1595 1594 3034 38 6872 46 10
669 583
10 2233 46 449 64 46 570 218
10 4498 46 392 1825 111
52 6150 10 2517 46 541 20 2520 356
2702 222 31 244
10 874 46 877 23 261
38 668 31 581 621 8 15 38
2568 716 890 2554 1541 31 3838 841
31
668 311
15
4623 72 1080 10
111 46 218 10 3037
4737 2364 46 1452 2590
2600 46
46 121 3821 387 267 3717 34 105
113 15 1033
113 59 772
103 150 570 10
72 10 662
10 2715 4743 246 2715 10194 449 1664 3247 78
111 46 10 82 10
46 2412 38 10 82
356 77 644 2540 14 15 22 456
1172 16 178
178 2712 31 1813 116 178 1828 43
2844 46 10
1916 12623 719 11772
427 2512 10 562 46 427 3750
7196
154
772 38 10 241 46 554 2623
356 90 553 5575 105 323 61 567 91 162
748
59 6902 748 38 52
786 1173 31 113 456 15 72 4593 1982 786
13800 64 1218 388 72 328 2373
113 719 7170 55 7121
3990 54 2831 245 305 22 256 669 278
2793
4919 566
724 1076 108 4 5
1675 8 4 5 692
3259 805 10 1151 46 10
125
1420 22 10 215 46 91 78 269 38 10
31 2524 50 10
456 1475
4415 10 2296 23 246 46 10 4470
102 11953 20 2574 102
102 2592 46
4366 841 10
427 419 22 456 4249 129 748 23 783 2568
384 1 2422 15
8140 31 9121 10 1609 46 10 4614 43 10
1013 719 102 22 14 456 15 446
46 3639 8 1449 10 2747 46
662 186 41
10 403 46 218 10 179
4066
370 43
10 926 628 116 31 10 4230 246
356 738 305 6539 2673 10 428 46 6539
38 684 1010 41 10544 31 669
7754 1123 31 3202 10 4230
408 31
1913 384 22 86
1825 323
20 953 20 1735 46
267 1128 7697 8 6218
8 1676 10 1677 10 878 686 1678
356 1 3422 46 374 41 2650
157 46 243
104 4169 208
2524 113 114 3292 2581 127 2798 31
46 10 4389 31
69 2579 719 150 668 3110
2296 456 716 46 10 1081
356 738 3841 261 3847 31
1825 111 178
10 926 4
473 8
22
267
59 1768 31 456 1161 125 31 113
493 46 10 406 560 392 22 24 3161
783 2568 2250 38 10 1528 31 669
2563 966 10 4528 31
1272
1483 33 72 102 1070 218
10 6939 31 3090 150
106 2998 456 10
6740 23
877 1080 663 1010
589 188 121 4996 22
46 7056 10 2099 46
719 13061 3901 10 662
783 2603 10 10300 46 1585
31 2065 2123 328 1098
175 55 61 2854 8
2494 4836
356
3138 748 23 4 719 8
14 356 341 14 58 543 38 1585
77 50 160 440 1579 702 392
31 719 150 12622 8273 783 106 2579
668 8 3046 38 1585 241 23 669 4
38 4168 150 10 179 46
581 38 10 1826
2998 46
116 10 12714 2373 6415 116 328
33
1835 8 2588 384
356 356 738 669 1123 291 111 46 10 3079
565 8
392 46 10 2019 1698 1585 1069
791 78 3510 23
1585 3529 43
64 4917 1128 38 230 64 123
125 319 2419 222 31 1503 50 2373 4
1122 78 178
31
150 218
43 61 4293 46 61 5416 2644 46 786
31 46 10 6169
178 3820 31 113
2373 4 2055 560
456 15 593 570 38 22 12246 22
2468 841
1166 43 786 680 323 61 408 23 783 3660
620
392 31 243 980 46 663 1010 473
748
738 554 271 962 150
127 10 419
411 4 13966 10 1619 3 46 13967 59 2597
125 116 323 10 2965 46 10 2998
4323 31 2715 3318 4324 998 267
887
305 499 43
3640 123 8513 31
31 246
2563 31 1123 4141 150 125
10 1134 22
121 5275 51 456 104 5594 281
46 178 6930 16 170
38
456
22
3237 31 719 351 427 2540 2825 1585
2122 102 74
38 241
356 738 2847 178 2468 841
3510 22 23 78
1 91 41 1074 46 5340 150 702 64
41 59
4853 31
22 23 783 784
2568 3944 29 2494 111
1186 111 1098 10 179 46
2099 46 5059 10 2099 46 4699 46 10
356
365 46
823 113 4301 59 55 121
10 3128
3397 31
22 113 994 59 191 8 1036 10
2735 222 46 1697 46 2223 91 2754 3405 46
121 1212 31
12977 317 10 12983 46 12593 10
6356 41 59 3268 244
55 10 4239 31 55
1033 5176 31 10 110 46
356
33 8 15 1825 111 31
15 1673 524 129 121 1069
656 10 406
2874 16 10
926 58
719
656 10
22 102 1420 10 4095 46
442 669 5649 72 267 367 668 31 10
570 1577 14 456 15 105 12684 55 10 408
2454 3921 31 418 427 6453 43
46 10
892 1454 31
4984 31 43
4 104
1585 47 72 5927 1796
267 281 111 31 4 234 243
10 1213 38 22 971 4553 43 1838 31
183 1133
267 1262 43 22
111 38 1452 11394 168 4 102 5
341 10 406 246 1085 8 177 702 267 92
427 1630 23 783 2612 4836 38 10 2531
22 1643
58 2373
2273 52 939 20
154 172 222 23 278 12247 8665
8 1166 22 218 113 22 1032 188 748 456
1649 570 8 2741 570
356 356 411
3458 702 356 518 3527 10 3279
311 421 384 662 830 41 267 121
3995 61 3717 38 10 6311
10 1360 46 560
43
4747 31 3341
10 419
10 346 46 1534 31
127 204 890 2169 876 188 10
91 22 10141 556 841 14 22 4768 10 4675
10 2965 46 10
246 234 211 243 3415
12282 4474 24
38 10 5510 46 3010
10 406 43 10 1148 46 61
1474 72 777 978
738 554 31 4415 2563 204 222
38 243 5203 5204 1649 5310
719 150 2065 2523 267 41 38 786 1173
61
356 738 267 2563 10 4017 31 446 267 278
4523
356 2387 456 4810 8 748 31 783
1838 41 59 5631
356 738 10 406 78 4134 150 125
3317 14 8
150 748 473 8 10 256 46 877 31 3189
2468 5597 841 104 91 371 15 10576 46
1151 15
256 15 2460 356 165
8 2670 10 1289 22 108 59 2571
22 445
43 570
1707 8 3139 10
4168 46 10 406 8 58 543
2712 150 560 419
406 504 267 24 317
113 1186 113 1186 449 64 6511
1773 2559
1173 46
22 5339 150 10 406 456 1027 10 205 1033
319 356 3127 328 10 4785 46 10
4495 456 15 3186 38 106 408 686 2373
55 10 3119 1209 46 392
669 1056 570 830
12531 22 51 583 15 881 38 3111 1134
150 10 1677 2763 783 31
7742 46 846 23 398 278
12670 46
2373
46
1317 8 10 662 12175
3359 384 22 234 318 31 926 31 10
879 6636 31 8 716 10
14 267 456 15 5188 2793 10
22 989 10 12 1139 46 10 406
113 10 91 22 78 4414 31 719 150
4882 449 91 38
2296 31 656 218 10
43
127 3259 1277 748 446 669 456 4561 2293
46 427 2467 608 10 2872 22
1585 1077 106 661 4 669 2710
719 2605 456 1633 8222 22 267
10
356 2763 2524 10 823 46 10 406 296 9605
22 628 16 31 3446 384 10 684
2687 55
4842 31 456 5341
524 160 3949 685 22 449 64 872 125
4062 8407
38 10 1189 46
55 10 12825 2624 998 267 24 636 267 24
3
61 661 31
7597 41 799 38 121 396
8
1585 3124 127 434 3111 440 41 1354
3580
31 2861 31 5652 123 384 356 738 114
10 3029
14 581 150 427 4086
59 43 1190 46
10 4322 46
12 118
10
43 121 2735 3246 356
22 1123 668
5228 10 5229 1098 10
2568 2430 10 7141 33 783 2568 59 5001
392 46 178
1165 73 127 1539 31
669 4 1842 427 179 155 388 72 61
173 1972 31
738 50 10
3037 31 4494 9331 31 2327
206 207
121 428 31 1295 31 397 31 179 31 1503
22 14 78 59 46 10 365
406 12432 31 41 11096 10 406 62 716
10 2267 822 46 10
2784 31 1063 2373 1032
1642 2551 668 1277 43 7158 31
356 738 10 787 46 1642 41 8186
4057 1649 106
218 22 267
4470 38 10 1189 46 10
2081 2565
3104
392 43 64 5456 31 719 662 783
10 4296 46
442 2373 456 59
419
2568 59 15 1442 8
6093
234 31 669 62 1449 388 669 62 3944 31
31
456 10909 38 178 3046 113 456
31 267 387 22 23 78 543 38 10
41 10
3372 384 246
10 368 10368 90 10365 46
10 4905 583 716
178 2540 8 3527 10 1327 46 106 2761 22
125 8 121
5197 16 14 31 16 384
147 46 427
55 783 2566 15 104 4359
356
267 78
411 669 4 404
55 10 7425
12233 218 3
406 24
4620 55 302 38 61
267 38
38 10 2958
1452
1232 2733 31
72 3010 31 1663 455 456
669 4
356 738 7007 719
2496 23 669 4 3280 1098
41 8035 3488 7461 222
267 59 798
939 46 5872 10 1972 46 61 382 46
4599 23 41 656
4398 656
4279 456 59 3032 129 1534 118 61
1585 6963 669 1172 188
62 1548
1173 46
3361 7782 504 267 387 106 444 31
323 10 3253 121 1081 456 15
51 2787 890 46 10 222
2062 1739 566 668 360 31
3083 23 10 406 160 392 647 257 150
31 4238 10335
656 10
10 222 46 6520 2746 2368
46 8278 31 10 365 46 1844 1267
356 738
356 738 10 2854 719 150 384 3234 10 2579
8 15 1953 51 1291
10 406 121
628 188 10 7489 31 2563 121 352 31 1073
2893 456
22
