18811 18815 18819
12495 12679 12683 12695
33469 34885 34889 34893 34897 34901 34905 34909
35157 35165 35169
10833 12483
18567 18571 18583 18587 18595
12683 12687 12691 12695 12763 32197 32201 32205 33449 33469
12763 34893 34905
12727 12779
10295 10307 10311 10331
12335 12347
10295 10307 12687
12471 12643 12659 12667
12547 12551 34921 34925 34929 47695 47945
12483 12487 12491 12495 12523
12331 12659
48707 54653
35169
10327 12523
47957
12463 12479 12487 12691
10295 10307 10311 12479 12483 12487 12795 12831
34889 34893 34897 34901 34905 34913
12743 12763
12407
12675 12835 12859 12883
48659 48663 48667
12695 12703 32205
33433 33449
33457 33465 34889 34901
12395 12399 12403 12407 12411 12419 12431 12435
12411 12447 12507
12835 12839 12847 12851 12855 12859
12667 12671 12679 12683
10291 12531 12647 12655
48643 48647 48651 48675
12407 12411 12419
12839 12843
12691 12735 12763 12879
12447 12467
10291 10303 12527
10311 12487 12703 12875
18423 18855 47953
12463 12807 12827 12871
12655 12659 12667
12555 12663 12667 12679
12703 33433
10315 10339 12479
10331 10339 12487
33449 33469 34893 34897
12691 12743 12763 12779 12843
12679 12739
10295 10327 12895 54645
12875
12355 12479 12483 12531 12551 12555 12567 12575
12831 12867
33441 34885 34905
12467 12495 32205
12875 12895 32201 32205 32213 34885 34893
10311 12487 12571 12575
32197 32201 32205 32209 33429 33437
12763 12779
12663 12667
12571 12575
47953 47957 47961 47965 54673
12527 12531 12691 12831 12867 12875 12895 32201 32209 32217
18427 18431 18439 18443 18447 18451 18459 18467 18471 18475
12827 12831 12895 33433
12463 12479 12487 12691 12795 12819 12831
12863 12867 12883
33441 33445
18547 18691
12663 12679
12723 12727
10311 12479 12483 12487 12795 12831
12663 12783
12603 12627 12691 12695 12703 32201 32205 32209 33425 33433
10311 12483 12603 12759
12611 12621
12375 12395 12399 12403 12407 12411 12419
34897 34901 34905 51937
32205 32209 32213 32221 33437 33441 33453 33469
10881 34909
18527 18547 18691
12355 12621
34889 34901
12663 12679 12683 12703 12827 12895 33449 33469
12575 12591 32213 34929
12723 12815 12827
10307 12621 18863
27389 32197 32201 32205 32209 35185 35189 35193 35197
12527
12655
12867 12871 12875 12879 12883 12887 12891 12895
10307 10327 12523 12527 12683
12679 12683
12567 12827
10861 12715 12731 12747
18855
12431 12663 12667 33429 33433
10881 34925
10857 12487 12763 12779
32201
18555 18563 18579
10307 10311
12655 12819
18699
47953 47961
12795 12819 12831
12621 12747 12751
12679 12695 12703 12735 12759
12343 12351
10295 10299 10307 10311 12483 12487 12815 12827
12335 12347 12355
12683 12695 12815
12867 12871 12875 12879 12883
10307 10315
12527 12531 12679 12683 12687 12691 12695 12703 12795 12799
48699
12695 12807
35173 35177
35161 35165 35169 35173 35181 35189 35193 35197 35201
12655 12683
12559 12711 12719 35213 47965
12683 12867
18447 18451 18459 18547 18551 18555 18559 18563
32197 32201 32205 32209 32213 32217
12479 12527 12679 33425 33437
10311 12483 12679 32201 32205
12591 34929
12703 12871
32197 32201 32205 32209 32213
12687 12779
12679 12683
33425 33429 34885 34893
47953 47957
12679 12695
10833 10849 12355
12559 12715
18487 18491 18495 18499 18507 18511
12667
12351 12355 12403
12907 34885 34889 34897
10295
12743 12759 12763 12767 12771 12775 18831 32209 32213
34885 34889 34893 34897
18755 18759
12627 12631 12647 12651 12655 12679 12683
12715 12739 34885 34893 34897
32201 32205 32209 32213 33429 33433 33437 33441
48651 48655 48659
12519 18431 18603 18647 18723
32209
12591 35157 35165
18619 18691
10307 10311 12495 12679
12655 12659 12667 18423
33433 33437 33449
12339 12347
18691 18707 18723 18787 18831 18863
12571 12575 12611
48675 48679 48687 48699 48703 48707 48711
12547 12551 12559 12679 34885 34893 34897
47965 48667
12687 12691 12695 33469
34885 34897 34901
10877 12407
12875 18583
32213 51929
33437 33441 34893 34901
33449 33453
12439 12447 12451 12463 12479 12483 12487 12491
12411 12551 12887
12463 12487
18847 18855 18863 18871
12435 12491 12495
12663 12667 12715 12739
10315 12483 12487
12647 12651 12655 12667 12687 12691 12695
35165 35169 35173 35177
12611 12621
12491 12647 12739 12855 32205
12427 12451
47277 48667 48683 48687
10877 10881 12339 12431
12819 12823 12835 12839 12859 12883 12895
10311 12483 12487 12875 34885
12851
18639 35213 47949 47953
12411 48639
10295 12687 12695
12835 18719 18727
18467 18471 18475
10845 10877 10893 47945 48675
12875 18631 35177 47945 47949 47953
18795 18847
34925 34929 35149 35153 35157 35161 35165 35169
12903 18419 18423 18427 18431 18439 18443
12483 12735
12803
12683 12687 12691 12695
18543 18547 18551 18555 18559 18563 18567 18571
10295 10307
12439
12751
12483 47945 47953 47961
12759 12763 12819 18527
12895 32221 33425 33429
12691 12695
12571 12575 12579 12583
12823 12831 12855 12879
18443 18447 18451 18459
12807 12815 12819 12823 12895 12903
34913 34929 35149 35165 47261 47265 47269
18487 18703 18715
12723 12727
12591 12621 18827
12427 12727 12767 12779 12783
12779 12799 12879 12895 33425 33429 34885 34897
12615 18499 18619
34889 34901 34905 46281 46289
12535 12803 12815 12823
12547 12567 12603 12675 18619 48663 48667
12667 18423
12759
10291 12459
12771
12487
12611 12747
10311 10315 12643 12679
12779
48671 48675 48695
46281 46285 46289
32205 32213 33433 33449
12479 12663 12679 12683 12895
12343 12355 12459 12463 12479
12621 12783
12575 12703 12767 12771 12875 18619
12431 12727
12807 12819
18683 18719
12819 12831 12895
48655 48667
47277 47957 48643 48679
32197
33449 33453 34897 34901
12395 33429 33433
12571 12703 12815 12827 12875 12895 32201 32205
10311 10315
12483 12575
10315 12775
12459 12463 12467 12471 12475
12339 12407
33429 33449
12463 12479 12491 12527
12835 12839 12847 12851 12855
10857 10861 10865 12299
12663 12751
12783 12895
10295 12463 12487 12491 12495 12539
12667 12671 32201 32205 32209
12299 12395 33429
47953 47957
12635
48639 48647
12871 32205
12807 12819 12823
10877 12411 12483
47257 47273 47277 47281
18863 55831 55835
52973 54653 54657 54669
12715 12827 12831 33433 33449 33465
12683 12691
12463 12479 12487
12803 12819 12823
12663 12751
10307 10311 10315 12479 12483 12487 12663 12667 12671 12679
12895 18427
33433 33437 33441
12723 12727 12731 18543 18555 18563 18579 18615 18619 18723
18707 18711 18715 18719 18723 18727
33449 33453 33457
12683 12695 12703 12819 12827 12831 33453
12403 12407
12467 12471 12663
10841 10877 10881 12355
12783 12835 12843
12895 33449
48699 48703
12695 12703 12895
18427 18511 18547 18619
12815 12819
10841
18603 18647
12339
12627 33429
12483 12487 12695
12795 12863 12887 12895
30267 30283 30327 54645 54657 54669 54673
10339 12611 12615 12755
18523 18547 18587 18671 47949
33429 34885 54645
12621 12747
12663 12679
12651 12659 12663 12667 12671
48687 48691 48695 48699
12695 12895 33449
10833 10849
10295 10299 10307 12831
47269
12751 12895
12335 12339 12343 12347 12351 12355 12367 12375 12395 12399
33433 33449
34905 34909
12607 12895
12323 12331
47253 47257 47273 47277
18447 18451 18459
33437 33441
12679 12695 12703 12795 12895 33425 33429
12827 12843 12895 33445
12751 30335
12815 12895 32213 33469
32209 32213
12819 12895 32205 33453 33469 34889
12299 12367 12399
33457 33461
12819 18459
12483 12487 12703 30307
12451 12459 12463
12627 12631 12831
12739 12759 12827 12835 12839 12895 32197 32205 32213
12795 12799 12803 12819 12831 12867
35161
12847 12851
12407 18631 18639 18643 18663 18707
12487
10311 10315 10331 10335
12875 33445 34893
12331
12559 12563 47945 47953 47961
32209 48707 48711
10877 12583
12475 12627
12735 12743
10315 10339 12483 12487 12611 12679 12695 12703 12831 12875
18611 18619 18707 18855
32213
12755 12759 12771 12779 12787
10295 10307 12483
18427 18431
18487 18587
10853
33433 33465
12471 12475 12479 12483 12487 12527
12487 12571
12683 12827
10315 12483 12487 12571
12407 12427
12779 12815 12827
10303 18787 48707
12751 18431 18787 18879
47953 47957
12399 12403
12655 12723 12795 12819 33433 33449 33453
12695
12819 12823
10315 54649
10307 12631 12895
10311 12487 32205
18499 35153 35169 35193 47953
12479 12483
48643 51929
34889 34893 34897 34901 34905 34909
12431 12621
12551 18787 18831
12847 18575
12439 12447 34913 48651
48643 48647
12695 12703 12759
35157 35169 47957 47961
12767 12827 12895
10877 47945
10299 10307 10311 12695
10833 10845 10849 10861
12603 12621
12463 12795
12827 33437
12655
18627 32213
10877 12431 12515
12871 48651 48663 48667 48671
12535 12691
33469 34889 46289
18551 18555
12431 12751 12895
12679 12875
10877 12643
12703
12459 12479 12495
10331
12851 12855 12859 12863 12867 12871
12691 12835 12867 12883
10303 10307 10861 10865 12463 12479
18735 18775 18827
12547 12567
10311 10331 12703
12851 12855 12859 12863 12867 12871 12875 12879 12883 12887
10857 12479 12571
18831 35165
34893 34897
12667 12827 12875
12471 12475 12483 12487 12491 12495 12523 12527
18595
10861 10865
12695 12703 12875 32213
12487
12487 12495 12571
10331 12579 12655 12819 33433 33449
12647 12651 12655 12667 12671 12723
51937
12559 12579
47945 47973 48675
12563 12579
10315 12483
12451 12727
18427 18619 18675 18767 18863 20807
48679 48683 48687 48691 48695 48699 48703
52945 52949 52957 52961 52965 52969 52973 52977 52981
12611 12621
12487 12495 12751
32209 33429 33433 33453 33469
10841 12559
12495 12559 12643 12803 12811 12855 12863 12907
10307 12815
12491 12835 12847 12851
12471 12475 12659 12887
12799 12803 12807 12823 12827
10295 10307 10311 10315
12487 30307 30331
18883 20807 27385
12467 12523 12527 12531 12835 12839
47699 47707
18747 18751
12651 12655 12659 12667 12683 12687 12691 12703
12431 12435 12443
12795 12827 12831
12399 12403 12407 12411 12419 12431 12435 12443
12483
47973 48675
12659 33449 33469
33433 33449
12743 12759 12763 12779 12795 12803 12831 33433 33449
12487 12683 12823 12827 12831 12875
12519 18499 35193 35201 35213 47695
10315 12611 12615
18815 47945 47949 47953 47957
18511 18515
10315 12903 18423
12711 12735 12743 12803 12895 34893
12883 12887
47253 47269
12735 12739 12743 12759 12763 12779 12799 12823 12827 12835
12621 18423 18751 47949
12483 12647
35181 47277 47281 47285 48675
12487 12683 12695
12483 12715 12895
12783 18491 18495
12763
47945 47957
12659 12663 12667 12671 12679
12763 12819 12823 12831 33469
34925 34929
12487 12527 12815 12895 54661
10295 10311 10315 10331 12479 12483 12487
18475 18479
10311 12571 12875
12479 12483 12875 18691
12731 12759
12663
12487 12491 12495 12523 12527 12531 12679 12683
12727 12795 12815
12755 12767 12771
34921 34925
10307 12447 12451 12663 12795
10857 12743 12763 12779
33429 33433 33449 34885
12783 12787
12751
18611 18615 18639 18647
12691 12795 12819 12875 34889
33469 34889 34893 34897 34905
10311 12643 12647 12655 12659
12479 12483
12479 12795
12875 33433 33437 33449 33453 33465 33469 34889 34897
47285
12687 12695 12795 12827 12831 12895
12411 12419 12431 12435 12443 12447
12783 12787
10837 10849 10853 10857 10861 10865
12575 12703
33433 33449 33453 33469
10881 12355 12895
12299 12343 12355 12367
12655 12679 12703 12711
12631 12743 12779 30319 32205
10295 18411 18415 18579 18779 20803
12783 12895
12567 12571 12575 12579 12583 12603 12607 12611 12621
12407 12411 12519
20807 33449
48683 48691 48699
12895 34889
12487 12723
12299
18863 18871 33429 33433 33437 33441 33445 33449 33453
12431 34925
48683 48687
10315 10339
12703 12815
12723 12727
34893 34897 34901 34905 34909 34913
10339 12483 12559 12723 12811 12831
12483 12487 12571
10873 12355 12483 12515 12519 34909 34913
12647
35177 47277
32197 32201 32213 32221
12531 12687 12743 12779 12783
18571 18583 18587 18595 18599
10307 12679 12895
32221 33433
12531
12475 12479 12483 12487 12491 12495 12523 12527 12531 12643
10865 10869 10877
10307 10857 10861 12527 12535 12627 12647 12651 12655
34917 34921 34925 34929 46281 46285 46289 46293
47953 47957 47961 47965
33453 33465
18439 18443 18447 18451
34925 34929 35149
12695 12703
12759 32201 32205 32209
12299 12367 12395 12403
10857 12575 12743 12779 12843
12883 12887 12891 12895 12899 12903 18419
34885 34889 34893
12547 12559 12695 18651
12403 12411
12411 12663 12751
18499 47687
12439 12503 12511 12515
12559 12663 48663 48667
27385 27389 32197
12627 12695 12831 32201
12719
18643 18751 33449
12399 12411 12467 12663 12835 12859
32205 33449 35197 47273 47293
12835 12867 12883
12655 12691 12695 12803 33429 33449 33469
10311 12723 12819 12831 12875 34893
33429 33449
10861 12715 12723 12759
12487 12571
10315 12827 12879
10311 10315
10295 10299 10307 10311 12483
18519 18523 18527
12739 12763 12795
12743 12755 12759 12779
12643 12647 12655 12659 12667
12803 12831 33449 34905
12723 12759
12631 12831 12899 32205
12715
10295 12679 12875 33425 35149
46285 46289
18519 18799
18543 18571 18635
12847 12851 12855 12859 12863
12483 12487 12687 12875 18879 34889 34893 34901
12683 12687
35169
12299 12343 12355 12367 12371 12375 12395
47945 48663 48667
12491 12495 12527
48675
12487 12679 12695 12703
12731 12767 12795 12819 12827 12831 18499
10849 10853 10857 10861 10865 10869
12491 12647 12679 12683 12907
12723 12735 12739
12375 12395 12399 12403 12407 12411 12415
12299 12367 12371 12375 12395 12399 12403 12407
12571 12611 52425
33449 33453
18599 18811 18847
12479 12483 12487
12843 12871 12903 33425 33429 34889 34905
12339 12387 12407 12515 12607
18723 18727 18731 18735 18755 18763 27385
10307 10311
12679 12735 12739 12743 12759
10327 10331 10335 12459 12463 12467
34889 34893 34897 34905
12843 12855
12571 12575 48639
10861
12463 12487 32213
10893 47945
10315 12483
18443 18447 18451 18459 18539 18543 18547 18551 18555 18559
10295
10845 12327 12355
10335 12479 12483
34897 34901
12431 35201
12495 12663 12839
12539 12691 12819 32201
12355 12371 12479 12491 12527 12535 12551 12571 12575 12647
12621
48647 48691
18447 18499 18519
12679 18707
10315 12483 12487 12571 12575
12627 12679
12411 12431 47945
12427 12431 12435 12439 12443 12447
12607 12751 12775
10853 12899
12643 12647 12651 32201 32213 34901 34905
12751 12755 12759 12763 12767
48663 48667
33433
12487 12755
12647 12683
12795 12799 12803 12807 12847 12851 12855
46281 46285 46289
12859 12863 12867 12871 12875 12879 12883
12495 12879
10311 10315
12367 12403 47695
10849 10857
32213
12407 47965 48663 48667 48671
12703 32213
33453 34885 34897 48707
12371 12375 12395 12399 12403 12407 12411
12763 12779 12823
10315
10857 12627 12715 12747 12755 12763 12843 32205 32209 33425
10311 12663
12351
12571 12575 12603
12671 12687 12691 12695 12703 12735 12747 12751 12755 12759
10877 12431
12483 12487 12571 12759 12875
12559 35181
12483 12487 12831
12751 12787 18423 18579 35153
12755 12827 12895
47949 47953
12463
12395 12403 12431 12547
34885 54657 54665
48639 48643
12407 18487
33469 34889
18755 18759 18763 18767
10295 10315 33453
12763 12779 12799
12399 12555
10299 10307 10311 10315 10849
12355 12367 12395 12419 12431 12435
18715 18719 18735
12547 12551
33453 33457 33469
12615 12779
12463 12479 12487 12655
12807 32205 32221
35169 47953 47957
12487
12879 12887 12891
10299 12459
12607 12611 12615 12621 12627 12631 12635 51929 51933 51937
10315 33433
18643 18647 18651 18655 18659 18663
12487
32213
12621
12763 12771 33425 33437 34885
12771 12795 12803 12807 12823
12827
47687 48575 48655 48683
18603 18611 18615 18619 18627 18631 18635 18639
12831 12835
12867 12895 33429 33437
18587 18595 18599 18603 18611
33449 54645
12695 12799 12815
12735 12759 12763 12779 18467 18471
12587 12591
12771 12779
12839 12843 12863 12867
12471
10295
12603 12621
12631 12755 12771 12779 12839 12843 32221
12739 12755 12771 12823
18551 18555 18559 18563 18567
34893
12659 12667
12331 12335 12339
12695
47945 47953
12875 12895 32213 33449 33469
10307 12663
10295 10303
12527 12835 12843 12847
47949 47953
12675 12875 12895
12483 32213
10861 12571 12575 12631 12743
12847 12895 18419
18451 18527 18871 18879
10311 10315 12483 12487
34901 34905
10327 12627 12683 12687
12483 12487 12575 12695 12703 32201 32205 32213 33433
10295 10311 10315
10303
35157 35169
12691 12703 12795 12819 12827 12835 12847 12851
10877 10881 12327 12343 12355
10315 12483 32213
12339 12347 12387
47687 47703
12483 12487 12703
33465 33469 34893 46281 46285 46293
12531 12547 12551 12555 12559 12563 12567 12571 12575
18727 27385
10335 10339 12483 12487 12571
12679 12683 12687 12691 12695 12703 33433 33453 33469
12483 12487 12571 12575 12663
54657
12871 12879 32205 33429 33449 34885
12687 12695 12699 12743 12759 12779
12575 12751 18603 34913
12419 12427 12511 12515
12667 12671 12679 12683 12687 12691 12695 12703 32197 32201
10311 12715
10295 12459 12463 12491 12627
33429 33449 33453
12715 12723 12727 12731 12747 12795 12815 12827 12843
10861 12487 12551 12679 12683 12687 34913
10295 10299 10307 12683 12695
12355 12783
12483
47269 48683
12483 12487 12523 12531
12355 12559 35177
12519 12523 12527 12535 12539 12559 12621 12627 12647 12655
12819 12823 12831 12907 32201
12407
12539 12691 12695 12703
12727 12735 12743 12755 12759 12763 12767 12771 12779
12875 12895 33449 33453
12687 12691 12795 12819 12871 12875 12895 18439
10877 12355 12571
18599 18787 18831 35149 35153
18619 18767 18855
12807 12823 12831
12351 12355
12875
10853 10857 10861
32201 32205
12395 12419 12431 47695
12487 12703 18427
18535 18539 18543 18551
12299 12367 12371
47953 47957
12843 12879 12883 12899 33445
10861 12479 12621 12679 12739
12607 12621 12691 12739 32205
10327 12483 12607 12703
10829 10833 10837 10841 10845 10853 10857 10861 10865
10311 10315 10335 12679 12695 12703 12759
10833 12579
33469 34885 34889 34893 34897 34901 34905
12795 12807
12459 12463 12495 33425 33437 33453 34885 34889 34897
12819 12823
33449 33453 33457 33465 34885 34889
10877 47687 48575 48655 48683
12763 12779 48707 54653
12427 12431 12439 12447 12451 12463 12479 12483 12487 12491
10315 12463 12679 12703 18691
12867 12875 12899
12855 12859 12863
30307
18447 18451 18459 18551 18555 18563 18595 18599 18603
18571 18583 18587 18595 18599 18603 18611 18615 18619
12719 12823 18779 32217
10291 10299
18719 18795
18619
12299
12847 12851 12855 12859 12863 12867 12871 12875 12879
10841 10845 10849 10853
10877 10881
12299
10295
12555 12559 34921 34925
12695 12703
12875 32213
10311 10315
12479 12611 12779 12815
12483 12487
12495 18691 18879
47273 47277
10299 10307 10311 12523 12535 12539
12487 12575
12483 12487 12795 18663
18543 18547 18551
10853 10857 10861 10865 12299 12343 12355 12367 12371
12571 12703 34893
10849 10877
32213 33449
12343 12347 12351 12355 12359 12367 12371 12375
12895
12559 18723
12487 12715
12339 18827
12487 12895 18691 33453
12747 12751 12755 12775 12795 12819 12831
12843 48679
12815 12827 12895 54653
12559 18487
10315 10339 12495 12691 12855 12871 12903 32197 33449 34885
12631 12679 12695 12703 12759
12431 12547 12551 18723 34913 34917
34897
12895 32213
12559 47953
18547
10315 12827 12895 33449
12695 12795 18475 18651 18683
12875 32213
33449 34885 34889 34901
12479 12483 12487 12575 12683
12655 33433
18735 27385 27389
34889 34893 34897 34901
12703 12823 12879
18611
33469 34889
34885 34889 34893
10857 10861
30263 30283 30327 33425
12551 12555 12563 35149
34889 34893 34897 34913
12635 12751 12775 12783 20807 33441 33453 46281
12783 12787 18511 18863
10881 12339 12355 12431 12507 34913
12747 12751 12755 12759 12763 12767 12771
12487 12495 12571 12575 12679 12691 12703 12831 32213 34893
10303 10307 32197
12695 12831
10877 12339 47273 47949 47953
12815 12827 12895 32201 32205
18683 18743 18747 18751
12627 12679
18479 18483 18879 20803
12355 12431 12547 12551 12559
12695 32209 54653 54661
12343 12351 12551
12487 12571
48667 48671
10315 10335
33429 33433
10295 10307 10311 10315
12731 12815 12895 34913
12355 47953 47957 47965 48667
12487 12839 32205
12895 52981
10303 10307 10857 12611 12695 12747
12299 12343 12355 12371 12399 12403 12411 12547 12551
18587
12491 12663 12667
10295 10299 10311 10315 12483 12487 12495 12531
12735 12755
12507 12591
18579 18779
12559 35185
32205
32201 32205 32213 34885 34893
18659
34885 34897
33469 34885 34889
12335 12339 12347 12351 12367 12371 12375 12395
12699 12703 12715 12759 12763 12875 12883
12835 12839 12843
35193 35197 35201 35205
12715 12731 12747
18423 18467 18495 18599
10307 12459 12467 12627 12655 12671
12523 12655
12691 12703 12875
10841 10877 12471
10339 12487 12675
12323 12327 12331 12335 12343 12347 12351 12355 12367
47253 47277 47289 47945 47957 48655
12827 12895 18611 18615 18619
12475 12563 12867 12895
12723 12819
12621 12815 12875 12895 18691
12603 34885
12621
12367 12371 12395 12403 12411 18871 18883 33437 33441
18603 18679 18787 18795
12683 12835 12839 12847 12851
10845 10881
33449
12559 12563 12715 12719 32197 32201 32205 33445 34893 35149
12487 12643 12663 12691 12819 12831 12867
48639 48643 48647
10295
18811
12691 12695 12703
10303 10307 10311 10315 12621 12751 12759 12767 18563
12647 12655
12695 12703 12715 12723 12731 12739 12771 12795
48663 48667
10849 12347 12355 12479 12483 12531 12551 12555
10869
12663 12751
12795 12831 12871 32213 32221 33433 33449 33453 33469 34925
48663 48667
10311 12463 12483
12631 48707
35153 35165
12519 12683 12687 12691 12695 12723 12771 12795 18691
10299 12527
12795 12819 33433 33449 33453
33425 33429 33449
12539 32197
12559 12567
12887 12895 12899
46285 46289
56069 56369
12879 33449
10845 10849 10853 10857 10861 10865 10869 10877 10881 12323
12399
12691 12779
12671 12683 12687
12583 35161 47277 47945
12851 12855 12883 12887 18419 18423 18427 18431 18439 18443
12491 12495 12807 12883 12887
32213 32217
33429 33433 33437 33449 34885
12807
12683 12687 12691 12695
12691 12807 12835 12843 12847 12851
12547 12567 12827 12895 18863
12683 33449
18535 18539 18543 18547 18551 18555 18559 18563 18567 18571
12415 12567 12655 18787
12367 12395 12403 12407
18595 18603 18615 18619
33429 35213
18675 18695 18707
12463 12467 12479 12483
18727 33425
12875 30311 32213
47953 48675
18547 18551 18555 18559 18563 18567 18571 18583 18587 18595
18651 18655 18659
12419 18487 18523
34921 34929 47253
10315 12415 12567 12655 18787
12555 12571 12579
12535 12695
18671 18675 18679 18683 18743
12487 12571 12575 12703 12875
12683 12687 12691 12695 12783 12787 12795 12803 12815 12819
33433 33441 33449
12347 12351 12355 12491 12739
10877 12475 12659 12859
12559 12563
10311 10315 12663 12667 12679 12683 12695
10331 10335 12755
18499 18811 18815
12575 12611 12723
12431 12447 12451 12515 12679 12715 12727 18431
12795 12815 12875 12891 12907 32197
12803 12819 12823 12895 30247 30279 30335
18475 18479 18483 18487 18491 18495
