118 70 57 98 10 21 24 82 59
73 222 166 51 2503 119 27
90 30 135 44 57 97 50 118 21
44
29 124 51 168 153 72 99 27 140 2503
23
36 18
67 96 57 181 14 117
46
208 211 232 228 233 4 262
1873 1965 1964 1886 1893
80
494 506 510 350 527
262 271 326 338 309 145 362 233 248 199
51 182
97 18 2 57
30 519 98 399 315 283
45 24 37 15 17 2
313 179 154 194 224 219 522
120 72 27 133 140 148
45 33 32
162 1233 287 1001 360 122
18 36 96 57 14 50
1 45 33 46 48 32 15
21 181 82 59 746
73 51 120 222 119 121 2503 253 254
202 275 142 264 216 328 101 376
81 565 490 285 243
1 45 32 15 47 33 33 155 2 135
47 1 323 2 46 44 32
216 275 101 323 111 376
131 90 44 30 31 97
512 506 510 356 526 338 350 362 175
135 131 13 44 31
1751
420 187
193 185 225 161
82 31 67 59 36 68 96 37 117 98
131 147
82 37 118 98 14 26 81 306 243 490
306 490 176
532 30 131 18 13 90 324 315 519
109 182 28 370 80 255 63 72 325
265 317 217 270
31 57 10 14 96 24 21 59 82 37
197 221 138
845 837
96 70 67 36 98 57 82
97 118 21 37
30 182 109 80 72 28 579
181 222 254 118
37 98 50 181 279 21 82
96 118
155 147 340 118 117 405 131 90
135 2 131 37
225 1822 133 148 124
49 45 15 32 47 33 155 147
67 49 48
171 23 228 494 234 7 208 199
680 568
117 118
296 180 1085 202 1092 165 1074 1631 277 292
163
254 253 225 161 192 1054 124
133 148 395 122 427 428 474
120 27 99 73 140
147
54 40 128 94 95 26 81 298 3
999 72 3 51 958 447
18 31 70 181 117 118 82 68 37 67
59 181 37
147 2 135 131 18
235 427 1281 435 98 1248 75
506 510 512 338 1043 526 772 176 145
1077
45 32 155
18 13 31 59 98
32 46 32 30 50 48 45
120 140 73 119 166 121
721 732 289 746 1114 1098 1119
30 31 10 57 96
45 48
17 17 17 17 17
182 447 28 999 109
155
618 90 18
118 117 285 291 210 303
96 118 117 10
70 97 98 181 118 117 68 129 202 142
82 181
97 98 181 117 118
30 50 21 24 59 67 68
118 131 129 279 328 216
2 131 13 90 18 8
135 77 25 147 11
3 182 80 124 119 140
17
67
13 135 50 21 82 59 44
90
188 534
81 490 326 494 506 511 510
135
176 3 63 461
165 322
262 4 266 12 228 458 182 450
70 68 97 98
32 131 13 82 30 67 147 2
388 404 1376 361 386 352 340 380 373 355
201 80 458 72 28 109
264 275 164 376 328 295
2663 2655
512 211 4 541 26 309 243 511
102 221 313
511 356 362 512 338 130 177 526 176 541
208 271 23 309 512 506
148 120 133 140
199 7
271 262
192 140 153 167 73 1054 148 133
129 202
181 86 282 8 14 59 30
135 147 131 13 90 50 21
340 386 352 361 758 417
1966 1887 1900
59 36 2 10 90 21 18 44 32 8
216 46 15 135 275 17 164 18
182 98 29 120 73
10 37 117 181
57 118 14 24 31 67 50 26
147 21 13 96 1418 70 10 68 67
161 185 1380 148
147 96 131 13 8 44 57 10 14
8 18 30 97
24 82 37 156 117 98
692
232 23 262
197 221 282 124
10 14 21 24 82 59 96 37
459 1690 226 343
490 12 510 309 511
556 692 442 431 453 124 391
15 49 47 32 46
18 14 30 67 31 68
50 181 59 67 117 118 70
185 120 73 253
17 48 32 37 1 142 328 31 97
171 23 511 510 170 130 204 4 233
30 37 10 97 67 181 24 30 57 14
67 36 98 183 289 104 138 194 146 184
120 133 73 140 148 1737 2522 270 217 287
1189 3 3282 2736
72 118 348 222 117 151 168 153 487 124
1 32 45 47
156 104 221
488 629
233 248 175 177 356 200 130 338
97 49 47 33 2 147 90
1133 1131 1485
48
82 44 50 31 18
147 29 98 18 222 96 254 30 70
33 46 1 48 45 15 32 47
3 51 63 109 72 182
721 1381
259 124 1210
96 59 98
883 120 99 27 29 133 140 148 156 138
24 82 59 36
1080 103 162 98 663
326
177 199 208 228 211 232 262 4 266 63
30 67 135 96 68 70 97 181
47 17 33 1 45 15
713 18 30 31
475 285 291 278 387 637
1210 124 981 124 2089 124 719 124
32 155
1 48 45
23
51 99 72 42 120
28 1165 51 312
82 59
166 99 121 253 168 153
161 161 225 51
45 15
24 82 59 37 36 131 31 13 10
90
611 532 70 181
43 322 202 279 328 295 264
13 118 30 68 31 50 181 96
153 167 253 161 192 161
510 350
2478 1026 1053 1050
329 386 336 352 404 426 648 380
401 391 432 37
27 72 99 119 42 73 140 166 121
767 830 767 1639 821 828 789 796 1086
978 1060 988 1003 1023 2009 2006 2251
201 450 51 109
511 306 338
59 24 181 118
72
118 384 383 308 341 124 836 29
648 1843 1917 1910 1906 1899
426 368 284 405 404 417 329 361
99 121 222 254 27 120 140 253 153
4 248 565 510 171 234 511 7
27 51 30 99 42 120 119
51 182 80 30 261 330
696 123 299 1189 78 462 261 481 544
135 2
29 1571 168 151
99 133 131 73 90 148
7 199 208 234 211 232
72 418 907 902 912 1068 848
21 82 24
72 73 133
30 57 14 13 96
70 249 90 196 21 14
418 900 1006 902 29 1071
10 323 82
117 59 36 14
17 155 147 131 90 46 44 97 18 48
13 692 453 30 556 30 391 586 715 252
27 99 2503 168 253 153 166 161 151
4
99 119 140 166 121 168 253 2503
481 28 544 80
31 68 70 36 97 98
2
118 155 13 90 147 2
57 10 21 37 29 98 99
139 249 196 156 183 291 278 210 285
2 135 14 131 59
418 907 902 912 1068 848 1071 1040 166 253
31 59 67 70 181 68 97 98 117 118
512 356 175 204 199 211 171
70 97 30
70 117
709 578 1211 595 1212
619 521
90 129 137
237 442 401
98 216
42 168 121 119 51
308 384 360 162 383
350 356 362 541 243 306
57 67 10 36 82 31 68 118 59
296 165 116 137 322 180
97 10 135
147 13
650 1176 535 764 769 773 771
46 68 50 184
31 131 129 142 295 328 202
111 376 1087
176 96 211 506 130 510
136 101 111 121 166 51
314 28 293 150
104 274
67 96
17 47 46 48 45 15 1
13 117 44 124 14 82 36 29 67 27
1351
642 287
541 208 171 326 350 271 490 39 109
63 3 72 187
50 14 67 59
31 36 21 68 181
1009
8 96 10 31 24 37 97 117 197
67 37 18 90 118 59 24 162
204 81 565 7 266 490 243
96 8 44 50 57
175 145 171 130 170 12 204 177
17 32 1 33 49 45 47 15
131
137 180 292 323 296 111
287 358 288 456 445 515 537
68 1 45 98 46 118 50 48 44
11 54 77 304 55 128
338 527 356
151
746 1357 1366 1333 69 663 594 514 85
708 766 1262
432 17 126
82 14
33 44
37
44 8 50 30 59 36 68 67
313 662
225 161
32 2 18 30 59
166 222 168 253
1061
752 826 817
514 1080 103 308 746 383 384 29
541 170 211 248 130 506 494
130 178 362 228
437 674 437 498 411 30 679 472 289
33 1 46 48
320
1053 162 341 1004 620
26 490
366 344 319 22 430 117 20 283 97
18 31 147 44 96
17 57 10 155 36 1 30 135 33
51 120
758 329 321 423
232 234 233
756 54
47
37 181 117 118 82 21
57 14 24 82 59 37 36 21 713 722
44 70 147 118
193 153 151 161
44 10 183 21 24 59 37 30 31 67
145 204 306 527 211 243 171 493 511
21
14
17 46 48 1 47 45 33
131 2 36 13 90
29 51 121 222 168 161 193 153 185
135 18 131 13 30
17 45 2 33 46
1729 1374 1679
147 135 131 2 90 13 8
22 34
126
311 453 391 432 715 586
405 352 417
1087 315 400 30
33 90 30 8 31 36 59
506 512 326
210 285 291 303 278 26 306 243 81
46 48 131 45
36 14 24 117 104 274 342 448 103
67 90 18 31 70 97 117
199 326
688 255 63 51 30 325 72 109 30 80
57 10 96 36
24 21 82 59 36 37 139
136 376
17
33
118 98 117 51 96 72 73
2239 2240 2242 2241
274 297 146 146 184 313 219 274 104
521 499 1599 294 752 826 810 817
17
125 30 3 63 51 72 109
1
145 228 494 565
221 313 314 115
57 67 37 68
232 211 23 266 175 234
222 161
135 131 2 13 18 30 31 90 8 96
135 50
526 200 177 7 208 234
33 47 45 124
151 193 161 225 185 192 1689 133 148
49 33 17 1
348 487 402 397 414 513 443 433
222 120 166 2503
458 575 182 28 3 109 72 201 63 80
135 50 8 10 36 31
27 99 119
175 200
297 100 102
429 50 57 14 24 82
346 403 359 851 857 809 815 861 1843
168 254 124 27 99 120 119 121
29 27 51 72
99 222 168 120 153 2503 73 225 121 140
46 33 1 47 45 15
143 235 260 539 395
171 26 243 306
179 194 224 219 102
153 254 193 151
98 138 221 100 274
541
155 147
225 185 192 222
109 385 3
120 161 42 73 140 121
145 170 199 178 200 234
193 161 185 192 225 42
181 117
947 939 1129 1107 1130 1138 1149
793 340 352 336 404 380 382 425 758 329
931 885 974 1504 1407 1467 1435
97 118 24
155 10 96 135 2 68 147 13 98 142
8 97 18 14 67 57 50 86 100
222
17 33 15 90 8 10 82 31
98 118 30 57 59
391 431 692 310 432
51 182 447 999
168 140 253 73
59 36 30 37
29 27 51 72 153 222 73 121 99
297 102 147 155 135 197 21 131
68
314
619 617 603 755 739
81 176 145 204 178
137 142
46 45 32 15 49 47 33 155 131 147
68 97 181
1362 1609 1711 276 1111 851 1143 1116 1842 758
155 30 31 57
442 432 401 30 30 30 43 142 202
193 161 225 185
1351 306 579 490 409 326 506 72
222 166 253 153 453 193 72 120 1689
42 73
27 99 120
266 948 1096 2346 2961 29
32 33 15 48 1 47
118 135 50 30 97 10 70
146 224 98 522 100 662 313
338 356 527 362 526 176 175
77 40 11 756 25 54 163
147 13 67 57 98 30 68 21
338 266 211 178 145 204
32
464 20 344 22 611 618 717 511 532
57 44
155 131 135 147 2 13 90 50 30 44
163 25 77
30 8 44 98 96 70 24
432 442 453 289 732
1667 1667 1667 269 1667 152
46 32
161 185 225
1
534 448 188 3107
10 311 401 431 453 442
1
204 232 490 526 178 228 262
116 165 202 2318 1074
32 33 155 147 2 18 8 44 50
603 614 739 617 743
24
33 1 47
532
8 44 18 50 31
31
275 164 136 376 25 281 218 163 77
32 15 47 155 131 147 2
1689 140 119
68 14 59
328 216 279 164
54 281 407 304 40 95 128
253 1689 148
181 37
356 362 526 175 541 312 63 3 72
30 315 430 471 22 131 532
2 21 8 14 96 82 36 31 37 243
101 323 111 97 164 142
194 154 454 293 314 454 104 86 98
494 565 506 326 306 81 309 2 31 18
253 153 119 72 73 121
135 2 348 305 414 390
100
253 225 161
173
82 138
70 400 464 912 430 161 1040 1071 253
253 121 254 151 153 193
494 232 266 362 510 130 526 177 175
181 29 50 151 119 27 124 166
96 36 57 10 18
17 17 17 17 17 17 17 17
274 196 221 297 9 132 314 5 242
29 27 72 120 73 119
124 26 303 278
24 13 67 10 18 131 129
2 90 18 17 33
24 82 30 31
297 505 221 282 197 274 86 138
180 165 292 322 376 296 277 236 257
14 96
142 328 295 264 137 165 116 180
365
223 26 458 201 450 575
13
116
415 715 391 310 311 453 68 2
494 326
57 21 24 59 37 13 14
1239 1974 1976
15 47 13 44 30 82 155
14 21 24 57 10 82 59 2 18 37
67 31
98 243 490 494 565 63 109 217
131
135 185 147
59 30 31
30 131
119 120 73 151 121 166 222 253 193
36 24 117 14 82 10 181
1 46 49 45 32 15 47 33 155 147
30
33 715 401 391 311 692 124 453 252 51
90 8 44 50 18 57
350 170 526 7 171 233 176 30 306 541
130 177 233
10 14 21
36 68
14 17 1 33 155
798 821 828 835 789 796 805
228
97
202 279 295 328 264 101 216 323 111
135 90 21 82 274 507
177 527 176 356 228 266
171 170 204 228 512 211 266 233 338
37 57 10 14 21 24 36 82 129
532 97
1374 1729 30 1759 1377 1679
207 17 155 858 135 96 1278
24 96 68 59 13 98
1015 1009 1013 287 1050 977 745
13 30 31 67 8 44 97
111 399 400 532 1087 519 376 18 22
122 360 162 263 188
253
17 17
120 119 133 73 140 148 53 51 270
264 236 202
3 30 63 51 109 182 1157
70 72 82 68 117 37
674 421 623 472 411 498 289 679
48 1689 45 49 155 47 59 135 82
44 24 57 82 14 50 59
155 21 8 31 98 692
63 466 109 182 28 80
70 118 97 18
59 97 118 18 36
432 442
19 1835 1112 1252 1258
1666
193 161 185
431 721 722 732 289 746 311 126 556 692
48 45 15 32
2503 42 254 151 193 225
57 59
31 1689 98
1004 1013 444 1041 1039 1000 1026
33 47 155 135 90 21
15 32 155
321 1143 354 386 404 380 416
138 289 139 662 313 102 100 522 86 297
31 30 82 30 14 57
1504 1435 475 1467
97
360 1850
15 24 37 59 36
68 70 181 97 98 117 118 210 303
405
746 289 836
216 164 376 323 111 275
77 95 96
202 279 101 323 216 275 136 111 376
10 181 96 306 490 527 12
234 4 248 63 322 51 72 385
17
27 73 148 1054 29 98 99 120 140
111 129 216 323 275 164 136
95 25
59 50 14 67 57 82 21 70 37
118 67 70 290 96 14 231 251 436 318
21 82 59 57 24 37
163 304 25 11 77 173 55 40
18 839 305 414 402
1611 320 1696 329 493
2256 2260 1171 1171 1171 1179
21 59 10 30 68 118 147 131
17 46 48
102 221
1381 1383 1389 1400 1408
49 46 1 48 45 15
100 289 249 139 138 196 641 221 86 274
13 57 36
131 33 98 117 18 50
31 67 68
437 411 472 674
1757 1792 1793 1794 1018 273 1024
46 33 48 45 47 1 15
140 166 222 2503 168 254 253 151 193
313 184 194 242 454
131 57 82 29 72 50 18 8
135 155 50
57 10 2
1076 594
192 98 148
19 217 270 288 445
118 98 155 155
177
243 306 490 493 494 506
24 32 1 155 135 131 49
147 117 131 13
44 117 50 119 37 151 90 68 161
1699 1701
30 67 155
70
447
57
57 10 13
102
1 49 48 46 2 47 33
135 2 131 82 13 18 90 31 30 50
18 131 135 90 57 50 24
360 122 384 162 308 103
1168 312 28 1165 461
50 8 24 68 57 118 59
323 111 275 376
216
97 70
36 161 185 27 72
17 1 33
57 8 10 21 147 30 279
289
506 565 309
399 18 113
641 522 662 1227 1251 360 162 103 384
1232
431 311
320 329
15 47 49
29 27 51 99 72 120 73 30 119 121
250 290 251
295 137 116 165 296 277 292 322 25 376
46 2 48 90 32 47 33
31 131 117 97
47
98 97 8 90 50 44 57 24 82 21
67
46 17 48 47 45 33
32 47 33 155 147 135 2
37
46 49
225 161 192 728 229
117 129 142 279 295 328 202
135 90 147
442
1340 1341 1342 852 268 269 273
454
147 131 10 98
234 170 262 81 794
82 59 36 37 298 3 51 63 109 72
165 180 264 292 236 322 296
1027 383 1009 969 1041 444 3 497
36 155 147 135 13
287 288 445 358 456
119 148
565 338 208 177 232
543 429
271 125 63 51
133 72 99
262 23 248 4
82 37
30 118 82
254 124 253 153 151 193 185
120 254 192 140 73 119 2503 253 168 193
471 46
119 140 166 222
1188 737
45 46
241 2410 242 5 115 2319 132 269
14 21 70 97
202 44 96 376 131 117
17 96 49 48 155 45 32 47 33
584
8 57 21 44 10 50 14 82 24
10 14 21 59
137 218 25 164 11 128
147 59 13 131 21 10 36
104 197 138 86 282 104
248 200 527 175
82
31 44 67 70 68
239 245 163
494
67 97 98
426 417 425 1899
221 100 314 505 242 150 313 9 454
343 426 14 36
55
287 133 148 270 27 29 1275 120
283 532 30 519 20 344 22 319 618 611
268 1024 273 289 196 249
3 298 72 420 80 51
243 494 306 493 326 506
96 21 24 82 59 50 36 37
161 229 192
400 430 464 519 20 344
249 139 196 86 820 829
15 257 257 90
241 507 132 5 124 29 27
70 57 98 67 50 181 82
491
1342 920 942 1372 924 938 1382
98 430 532 22 30 519 611 464 400 20
511 4 130 356 271
44 50 57 10 14 21
222 168 2503 253 254 151 185 193
51 1010 29 99 27 120
155 147 2 131 21 135 90 13 57 8
18
1689 29 72 140 133 120
44 57 153 10 21
82 86 102
670 484 503 649 671 682 656 495
236 376 296 155
31 30 97 68 70
28 466 490 565 81 511 527 171 493 200
96 13 90 8 44 50 57 10 14 21
117 221 274
46
193
138 289 139 249 196 641 86 221
135 2 147 131
46 48 49 33 45 32
415 556 442 586 429 715 401 391 252
1 33 47 45 155 135 147 2 131 13
1 45
216 264 376 111 136 323 164
90 8 50
386
565 326
1873 1892 1887 1888 1889
50 57 59 289 37 713 722 732 721
10 37 98 70 459 226 156
145 211 207 178
118 756 14 77 24 90 25 163 173
1344 1339 1170
131 50 2
99 73 119
1430 1486
249 104 137 277 165 296
50 47
274 86 100 221 282
1688 1680 1690 1681 1567
309 350 510 512 338 527 526
338 526 176
181 97 117
892 521 383 933 974
13 50 44 8 18 57 31 82
13 90 44 50 10 21 24 82 59
120
86 102 154 179 98 104 102 86 313 224
46 33 47 15 45
118 96 24 82 59
10
155 90 44 21 57 36 117
2 90
323 216 136 328 275
362 176 175 541 171 12 145 204 170
336 354 405 404 355 1140 1116 329 320
512 338 176
177 527 494
702 80
274 297 138 100 221 102
338
45 47 1 15 135 2 18 90 68 181
70 68 97 98 181 117 118 1689
326 506 356 175 177 200 130
49 33 17 46 1 48 45 32
218 407 281 94 142 756 55 756
46 44
2503 72 222 253 99 119 168
13 135 8 1
1138 365 1134 1129 1107 1149
1281 424 1232
1 32 45 15 155 135 147 2
36 90 82 57 44
138 297 100 274 221
68 10 51 72 153 185 140 254
165 116 137 180 292 236 322 296 277
176 171 145 130 204 170 199 200 234
897 140
614
33 45 15 135
193 140 2503 98 8
47 15 155 147 2 90 18 50 8 44
46 44 1 47 68 117
17 470
1172 284 422 638
521 26 306 243 81 490 326 493 494
31 30 67 70 68 97 96
376 136 275 43
271 211 4 178 266
50 44 10 14 21 24 96
182 201
420 1333 1692 1168
14 36 97 37 24 118 59 68 26 81
48 47
49 45 32 15 1 47
135 90 509 72
166 167 222 168 253 254
120 490 26 494 121
82 24 59 37 31 30 67
96 1689 27 148 119 2 44 82 98 68
151 185 99 121 728 120 153 192 27
1 48 15 32 33
8 147 59 82
72 1119 365 1124 1129 1107 1142 1150 1162
12 228 232 23 4 170 271 178
510
527 526 541 178 208 228
50 30 67 229 98 118
50 21 67 82 59
202 279 295 328
328 165 295 116 236 180 292 322 296 376
1 47 48 33 45 15 32
18 21 147 2
57 14 21 24 82 37
162 908 383 122 384 103 308
45 17 32 1 48 33 2 47 21
90
526 175 211 262
1533 340 1486 388
2 82 13 49 15 147 30
2282 2298
46 1 49 45 32 15 33
511 510 350 338 527 526 356
2174 521
900 418 148 907 912 133 1323 1345 1325 1347
13 90 2
401 586 252 432 310
50 57 10 14 118
102 314 115 115 677 387
2 135 30 18 57 50
90 324 315 532 13
99
500 640 484 501 670 671 503 651 682
309 510 207 51 369 490
135 2
243 309 7 176 527 271 211 3
57 82 24 197
563 268 157 152 191 269 258
90 18 96 155
1 47 17 46
10 96 37 82 181 98 67 68 118 117
338 175 362
31 48 67 82 32 70 2 147 90
130 145 12 204 177 178 199 208
18 1 33 47
118 59
118 59 37 13 68
31 82 98 13
10 155 21 147 131 90 13 8
1
1035 1015
73 140
36 295 202 142 279 101 328 264
164 101 43
1947 1946 1960 1953
26 26 26
1192 1197 1113 1185
8 67
204 23 199 233 248 565
124 29 27 51 120 73 99
274 102 154 194 224 219 179 184
10 2 57 50 82 37 59 18
82 21
15 45 46 46 1 32 33
81 306 243 490 494 309 356 512 493 362
591
512 266 4 362 81 490 233 510 306
59
100 104 297 505 221 282 197 274 86
96 30 31
323 275 164 46 15
526 12 506 178
208
362
118 249 183 138 104 274 196 221 297
97 98 181 68 118 1
323
24 155 131 18 59 2
1099 1613 1678 263 923 1668 1664
46 48 33 33 1 47
155 147 2 135 131 90 13 18
109 217 420 81 207
28 80
151 1046 254 253 1068
870
405 380 404 417 361 373 1314 351
32 155 2 90 147 131 96 44 50 57
10 2 14 21 24 82
222 168 99 151 193 161 72 225 254 140
59 37 57 8
21 24 59 37 36
262 271 176
10 37 135 2
45 15 33 17 48 49 155 32 147 131
255 63 3 109 182 325
264 111 376 129
59 36 37 30 31 67 68
59 37 82
1 32 15 45 47 48
68 70 97 181 98 117 118 96 275 129
24 67 98 82 68
10 70 97 181 21 118 98 98 59 117
334 1131 1098 1124 1119 360 162 383 384
138 100 282 100 293
109 3 72 182 187
46 33 48 18 45 15 1 47
50
68 97 70 21 24 181 59 98
17 49 46 48
222 51
70 97
1491 1479
182 28 220 209
350 512
57 14 24 99 73 133 120 140
171 204 12 26 170 199
541 170 171 12 178 208 7
2 131 90 13
17 147 44 15 31 59 1
50 57
47 1 15 32 197
130 12 177 199 208 490 232 233 494 4
31 70 98 18 181 117 118
57 97 59 565 117
233 200 204 419 134 81 701 170 130 419
67 153 185 31 181
264 275 164 129 50
131 13 8 44 30 18 82 37 67
124 72 42 121 166 29 51 99
185 254 140
96 17
193 225 133 99 121 153 192 51 2503 73
289
131 98 99
275
102 124 29 51
200 130 124 29 51 27
142 216 164 264 275
13 315 430 519 131
17 15 155 2
384 1227 360 103 308 122 341 293 454 241
178 226 467 303
59 70 124 51 253
46 1
68 96 10 57 181 21 98 14
25 304 11
202 279 328 295 264 101
181 13 8
155
70 97 72
233 4 248
147 131 97 18 13 44 10 14 21 24
208 178 211 325
97 44 8 118 10 36 37 50 67 21
96 97 181 98 117 118 126
37 36 82 70 67 68 97 98
67 67 70 18
44 18
17 59 131
350 338 512
48
264 222 216 124 29 254
18 57 37 14 155 147 135 131 90 13
383
254 192
226
97 24 181 118 59 37 13 68
36 138
90 30 44 8
14
131 319 464 611
28 209
97 155 98 181 147
118 24 37 97 98 98
2 73 166 168 153 225 124 29 27
98 181 44 8 50 57
1 48 15 33 13 31 10 2
459 47 226 33 67
36 1528 21 59 13 1525 10 37
48 33 1
1349 605
32 47 33 15 470 412 399 315
183 138 249 196 104
537 358
455 585 496 780 363 792 723
37 24 36 18 30 31
147 2 131 18 13 68 30 31
24
168 120 193 161 225 161 185
1 442 391
200
90 2 50 147
80
