527 2283 528 1519 529 1135 530 2284
2155 363 364
294 3
1351 1352 1353 1354 1355 1356 1357
1029 51 2851
3348 2133 3368 1795 242 5376 273 3
1 6 1884 753 9633
1177 218 6 215 686 1644 1839 220
7 205
214 5580 148
1679 1539 138 307 378 83 3 3651
5101 11 27 987 1 218 40 6 11432
3348 2133 242 5881 1470
2159 504 46 379 5700
9765
670 265 1138 934 28 5799 398 7
114 4634
11 987 6 136
993 2872 109 136
13770 695 273 6865 6979
2351 9154 13370 13371 192 13372
6 303
1982 1984 3884 4715 5666 254 361
290
487 1 6
1 15355 3
1561 1486 2067 2184 5232 266 4982 740
1716 104 629 2921 126 3085 64
1 218 6 859 3714 1741 755
11 6 5510 91
11 2091 6
363 364 1693 3517 514 1808 4737 526 2283
218 6 1592
1134 529 1135 697 3 7 1529 737 148 482
218 6 215 1680 863
8266 273 15862 7 148
2243 5357 3553 1529 321 77 5063 1740 468
3405
12262 12263 12264 12265
10330 1507 1513
2025 3944 220 3765 687 153 760 357 154 845
490 612
6
753 345 56 89
265 2331 18665 2253 8887 3585 6896
8848 3
45 590 62 644 1481 7 11659 321 148
931 2873 515 2072 2160 3804 5960 1137
138 1808 83 7 85
55 3
148 438
38 303 215 8230 5102 4691 220 4701 1461
3
3103 4981 6716 2251 6015
7397 374 2199 6163 1845 3396 7825
11 532 3
494 871
3974 292 438 448 787 455 465 245 469
2451 445
13581 4003
2407 865 4966 1071 714 715
4058
19 3985
338 6
5836 835 670 423 568 867 438 916 872 3415
4110 4111
1775 879 4415 2863 2864 5260 2230 1868 8171 6891
1134 527 2283 528 1519 529 1135 530 2284 4766
6 12432 3
64 677
660 6
10395 2003 2004 16431 698 2005 2006 808 13220 3522
11 1 218
8114 14925 897 8221 280 2148 8162 1799
152 17529
1507 9027 15692 8469 1084 897
4874 4875 4876 4877 482 2303
32 4791 37 897 879 87 421
364 230 155 768
3944 4442 4694
1071 6070 3124 2418 2419
11 4 605 1 218 6 3692 1019 90 142
4
11 17 6 8646 4165
6 5870 14
1 6 3680 215 361
690 374 3368 375
49 3638
504 378
446 786 455
11
2109 2110
6452 7190
458 4969
17620 1144 845 762 800 358 364 8059 775
357
40 6 3
71 77
1 6 6343 3384 3252 303 138 631 228 540
1682 1683 1685 3991 4720 1686 2155 9283 1648 2156
4194 1909 4195 3543
5
64 77 1843
747 3
397 102
3762 3394 3719 2094
1057 6 1741 253 3762
619
825
40 3456 6 138 632
749 1 6
6 18
666 78 4242 475 4476 862 6516 5368 303
784
1679 247 3 1714 5875 5204
3257 361 2273 4679 3 6767
2201 3 1174 2169 3612 20762 9447 6239 148 1723
6344 435 438
13033 13034
2101 4595
218 6 58
3343 2405 6865 6415
9144 3682
6
6528 7310 7311 7312 7313
1630 1631 1708 1632 504
78 2952 4755 970 3628 260 4001 281 1025 504
142 3473 3390 2404 4677 143 260
1707 1632
9219 12456 6566 4985 4954
6166 4970 839
4256 1946 1800 2343 4257 4258 4259 4260 4261 4262
1145 588 2886 12 4564
148
218 2024 314 2955 6 905
1191 1192 1194 1195
1802
3426 6171 6423 5579 4662 88 8844
1 6
4622 3
5282 3274 8152 11250
4122 4123
4836 4837 4838 4839 4840 4841 5101 1438 1439
1775 879 212 7997 87 2866
2346 1889
6571 537 143 2190 997 1653 4755 260 4001
1 6 7887 307
5873 352 545 690 2094 815 563 148 2196
5977 9261 5713 5430 9262 5941
27 218 6 2342 512 1694 1704
4732 370 3798 1652
55 220 357 1534 747 1807 1113 931
1087 1088 1089 1090 1091 1092 1093 1094 1095 1096
6
6 512 294 83 6098 28 981 7 32
526 527 2283 528 529 530 2284 46
1612 278 265 1138 28 7
56
72 6
11 27 6 20700 662
1478 4826 8087 939 2418 2419
2931 2932 122 562 2933 2934 2138 2935 2936 123
378 5534 46 222 2047 2048 2050 273 83 3
2
2400 12412 423
1539 3 4027 4311 6901 8361 2453 6239
633
6 7925 3
6 2 3
6 3 13763
6 1030 491 83
423 77 24 916 2334 5331
5969 5970 2878 2414 2367 2059 2879 2386 64
640 4503 1997 987 2085 658 40
8065 11295
1 218 40 6 342 2 152 3360 2026 5878
1063 1823 4416 2939 5104
603 1 6 45 1145
1394
7425 7426 7427 7428 1976
1144 2120
1444 1445 1446 1447 1448
11 27 6 4000 5039 6114 6406
698
435 438 461 739 470
824 230 10271 12708
4331 3922 5929
2216 2050 3666 4030 382
701 10975
6 691
1519 529 1135 530 2284 380
314 3 11401
1525 6 1593
6
13407 135 567 568 885 3012
17975 2018 4604 1560
644 64 670
1859 3581 7040 5016 7041 1713
1339
11 987 6 303 6536 6406 273 148
6 1030 3 1141
6 55 537 3
794 829 2993 1044 240 4565 3392 3259 3348
462 12398 494 12399 12400 12401 12402 12403 12404
4
36 37 85 86
1769 294 3 4626 5014 6415 2171 2172 1149
1051
6 303 273 91
11
137 473 499
13382 4050 278 1138 7 3881
266 472 2956 2826 316 2307 678
11 27 6
934 7 85 86
2 1906 1770 4200
8113
5094 4376 4833 4834 4835 4836 4837 4838
330 331 332 333 338 339 1194
4916 12941
314 6 1838
4321 9434 15601 10659 4567 1138 934 7
2874 598 45 1829 1044 3259 1792 1141
1838 354 4696 1644 3197 2210
901 254 2178 1687 747 255 4721 910
4114 4116
2332 4981 3957 837 245 3958
6 138 18
423 737 1077 148 438 473
826 4732 1652 371 90 777 701 2168 1714
342 1883 4172 860 2 819 345
7053 1149 6500 584 11301 5489 966 6071 5754 7168
11 6 28
222 2105 692 693 694
178 185
1 6
1190 1194 1195 1196 1197 1198 1199 1200 1201
11 1 6 306 5236
4602 3102 4332 1614 4100 5440
358 1536
218 6
1293 1304 1305 1316 1327 1338 1344 1345
554 11 6 555 38 90 142 2403 260
6880 3241 1162 2154 269 11 1 6 1457 1144
1850 6
737 434
5915 525 1518 526
3121 4563
1528 2243
1810 2874 12 241 1518 1519 3218 2047
218 6 5501 5502 1019
24
764 1857 259 368 1605
2025 42
3 6245 4774 3125 6847 3955
12748 135 423
729 3815 4313 2980 730 2981 3816 9252 3404 8900
52 6 1065
819
6686 2134 11572 2136 376 2181 6621 5698 6163 4769
123 2937
378 3 278 7 10419 3881 10139 11094 2799 3271
3409 1725 630 3725 587
889 632 4007
4 1637 6
4 1 6
64 727
6
218 6 1025 3 7710
4990 64
400 3685 32 37 85 86 3686
1693 2042
144
1696 1628 1707 515 1030 2072 650 520 3485
9700 18189
303 12942 273
6 559
2393 2226 32 85 86 1976 1977 211 87
89 354 4696 1644 504 46 4767 3 5018 8580
11 4 490
1052 87 9724 3478 3479 3480 9138 9299 3434
2217 7825 2013 3453 5537
135 2254 136
148 667 438 445
4412 8592 9938 1099 1775 87 9939 88 7447
6 1018 3
448 1655 916 2066 2067 266 316
836 838 144 470 4901 6166 12776 4926
1 6 254 361 1682 4720 1686 221
2304 3092
345 4203 2117 1741 56 1917 1658 1918
5892 1501 1574 10336 11593 10502 6251
7 205 4395
1810 827 140 90 777 142 4675 3473 3390 537
6 521
351 5529 5102 1851 3139 254 1690 230 155 258
512 83 938 64 1772 934 7 1773 85 86
215
85 7407 4792 4793
6 2 56 237 3394 375 3 243 115 2331
278 7
640 2248 4503 6544 270 1
6 2 686 3197 762 6563 362
11 6
6 1030 90
10131 11150 10805 1086 1096 1097 1978 211 9307 8165
1722 3017 3018 3019 3020
969 260 11562 240 374 842 83 3 706
402 897
11 1596 1180 6
422 135 446
19393 83 3 1138 7901 6746 3633 14345
6 13586
1748
212 87 424 438 492
438 446 744
5680 5370 514 1034 1130 2273 4735
1464 19597 3 7060 2878 64
2131 90 522 777
294 278 7415 7416
1535
2326 11 656 160 1 218 6 56 3664
2081 2985 3
452 786 455 3411 3412 3413 744 7468
11 6
827
6893 3417 4087 1142
27 6
17696 3 2356
3648 970 260
747 255
4836 4837 4838 4839 4840
487 1 6 55
5029
13274 83 3
6881 8611 8612 6422 8613 8614
7 32 6509 37 6049
11 1
4471
1774 5449 5452 212
8777 423 5011 885 5526 1483 531 737
397 102 104 559 108
6 356
650 2129 1035 697
9570 207 8811 17853 14936
807 5236 7539 4325 5974 644 64 601 3700
10901 504 307 71 423 999 77 737 1001 148
116 4065 135 423 4096 5995 933 738 2425 563
11 27 6 1770 8790 16695 3
90 521 777 43 281 598 45 523 4360
2021
2126 2127 2128 2129 2130 775 6333
1000 77 662 136 1101 3042 978
1019 520 90 521 522 1828 141 142 4749
747 255 4721 910 1568 2180 581
376
71 135
7 205
40 665 6 1770 1913 56
20 230 512 1112 1629 1707
3299 2812 8971 8972 7380 8551 6289 2815 8973 6291
713
4886 2304 3255
5965 94 4851 7118 7120 1715 104 7121
5206 5207 5208 5209 5210 5211 5212 5213 5214 5215
1071 5317 4065 531 3198 148 435 8708
2124 775 526 2283
714 3812
1037 726 5113 729 5756 9254 3125 9259 7
2155 2035 3517 4980 824 230 6705 3484
1069 702 2168 2172 1714 2173 1149 832 3919
11 1 1143 2024 314 6 1018
303 6815 3 125
7754 763 57 4727 256 363 5953 229 1824 364
6 11151 10098 6772
363 229 364 25 230 766 1516
5704 702
1096 1097 211 4795 4412
112 113 114 4321 4632 1854 3253 117
1808 8059 650
251 270
3945 229
11 6 14544 3774 14 397 121 2928 3460
830 698 11296 808 5407 699 4369 3 5590 706
69
1049 265 934 7 3922 205
1564 3450 537 1025 47 717 644 64 6804
3417 4925 1486 3145 19220
5963 4990 5728 48 7008 7616 701 5016 7041 3486
265 981 7 205 4353 1958 1960
3156 2288
1544 631 632 1556 3504 448
11
1080 3668 1820 8339
3360 10762 8290 6636 5644 7971
10763 4917 1009 677 4920 4921 4922 4924
7 8793
3454 699 2094 83 3 710 422 135 77 6182
90 83 14677
83 3 13237 278 981 7 49 12014 7419
537 782
1151
617
3 8190
118 1071 2410
6 993 18757 866 2145
211 7961
6139 2265
4 1596 27 6 3
323 6 55
3765 4703 1461
2206
880
6446 2192 1069 6578
14 397 104 4042
19133 6 3
13460 6991 2303 494
20581 6791
542 544 361 1683 1124 1647 2032
3181 6
304 4663 807 4567 1612
3 5089 3126 1183 2196
3937
3653 722 7943 3776 1573 265 1138 7 49 85
845 21 1646 2071 1535 540 800 1536
4 218 6 2 3692 8047
5423 5424 9260 10252
1019 90 142 2403 1025 1469 2292 2094
258 768 2040 512 231 4060 1863 1464 370 2953
6 343 345 1912 991 5247 2012
531 4874
11 4 6
7 7523 11241 10140 3898 3272 3276 1956 3899
607 1 40 6 686 354 4443 220
6 5687
232 1601
784 4663 830 808 3369 3805 5014 3343 701
27 6
90 7500 3
687 1119 762
540
11 4315 6 3 3194
312 148 6715 3823 6747 4981 468
1140 11135 8144 1980 8120
2435 5687 2971 7324 4737 920 516 5690 883 518
97 99 397 102 103 1716 104
93 2977 2356 14 628 97
737 587 73
11539 8468 4006 8076 8941 8942 8943 8944
204 7 205 18551 737
1 6 2290 358 3 106
1135 46 1792 3 93 4625 5014 5703
69
877 1926 316 678 1818
2982
504 2298 64
1592 6589 78 4960 3197 4500
11 6 762 1069 135
692 693 694 380 2047 2048 1181 1710 2049 2050
6 3 64
71 999 77 148
612 77 148
4 6
4035 27 6 540 361
11 4
46 697 9614 4084 424 3972
3955 3467 5408 71 423 77 662 136 1101
768 775 3762 14749
205 5929 1958 1960 7498 2852 6160 5184 3926
890 1774 879 6562 7358 212 5345 5347
3720
527 2283 528
1134 527 2283 528
6 17050
686
86 4537 2867 737 1843 438 144
1477 6110
2231 7869 2065 148 5117
825 1710 1654 83
6 2
77 1843 633 136 3011
43 3784 598 1133 4963
3271 7558 6539 3272 3273 5282 3274 8152 11250 10363
904 719 4070
12022 7962
148 468
314 6 1457
241 242 83 1473 706 5600
2952 5681 5370 514 4673 1034 5686 5168
6 3 77 737 148
490 1180 27
1919 42 4231 6342 555 1564
3 1956
2257 2258 2070 3717 154 1119 1120
6 755 10889 10891 2342 10311
139 989 555
423 148 435 438 445 453 787
138 491
7884 7885 4238 10750 1529
1874 857 4155 1876 858 1877
2264 1808 516 3 567 568
1842 553 7819 5832 5264 5922 7820 377 4342
49 5408 2101 77 7835 2064 4599 7836 4584
598 45 2886 2993 294 83 12542 131 28
11 6
6065 4768 159 4643 380 6164 2047 1710 2330
6 3 6000
6 1838 1644 18
25 83
260 4001 1025 504 6986
11 6 83
753 851 303 135 423 77
650 2279 2122 2123
2813 7380 2815
5036 6836 14046 2864
8858 7 87 135 148
2 3 5742
999 1000 77 136
7144 963 5748 9242 9243 2979 9245 4567
148 449 455
218 658 40 659 660 6 1838 1644
6 83 3 278 7 1742 85 86
4376 11
372 90 537
3603 5698 504 379 273 6119 2170
5376 3649 273 83 11851 831
777 2404 4752 379 2285 6973 3225 3227 1471
7 135 3600 148 3383 2146 7540
11
141 281
13142 3 196
218
11 218 6 13457 254 155 768
435 438 442 446 448 744 1023 464 465 73
233
11745 11571 2442 504 9606 3 148 4578 446 3982
2020 218 6 6742 3792 15514 17092 1460 762 21
527 2283 528 1519 529 1135 530 2284
5755 670
294 3
6 857 4168 56 3363 3680
905 56 2025 3794 139 989 555 12571
747 7465 363 582 3517 1515 1825
1135 2284
875
7 399 400 49
11296 3 278 7 9016 87 5933 1980
27 6
455
232 2267 2043 930 157 4728
3 6486 1149
8542 18174 10733 6155 215 514 1033 525 1518 526
7049 7050 6565 2170 7051
825 258 512 1605
314 6 862 2069 3 737
230 650 371 1810 827
6 1906 12892 4191 1770 296
11 490 6 3516 229 364 3517 91 14579
3 811 1757 961 5742 5022 716 5746
11 27 6 2 1770
3276 1956 51 205
2217
1888 7 321 446
4707 1536 1568 1691
737 6303
17330 12069 13534
3966 817 1451 3419
520 521 522
5957 3 278
10105
1575 891
1484 465 144
4403 8157 3292 2817 5901 3208 11694 3927 9696
399 400 591 135
4891 8805 2286 2251
2298
14 131 64 7
303 138 294
1862 2 1458 747 229 824 2040
9303 9304 9994 3707 4534 1976 1977 1978
7039
218
2303 573 877 266 1752
987 6 1018 4561 303 1144 3 77
523 14672 4516 13842 5697 7285 1024
446 585 1023 3255 2251 3972 316 3889
333 268 1162 817 508 5103 554 5104
3226 1845
1577 593 7731
7220 6814 9264 7943 9266 5390 3598
1541 1065 1544 1545 1552 889 1554 631 632 1556
1359 1360 1361 1362 1363 1364
2800 205 2852 737
11 6
1602 3 6255
11 1 6 55 21 4774 7 2885 276
4060
4162 3358 4163 1881
2232 15743 316
3141 3224 696 382
5223 3235 118
1277 1278 1279 1280 1305 1351 1362
1646 228 2029 254 229 1515 155 512
4752 379 2285 6973 3225 3227 1471
4383 1495 18092 10366 3281 2851 6834 7896 6875
1
64 5753 834 2220 904 4068
138
1681 3871 5653 2177
3791 1912 56 3360 861 5044 9560 4686 19
5701 3632 91
218 6
11 6 12836 43 970 1025
6 55
332 333 334 338 339
265 7 205 11664 4006
5821 14 114 1071 716 652 64
444 7004 1004
6 2 215 138
8459
11 490 3620 6 901 46 3194
1661 6367 8384 9454 1662
1121 1652 1810
33 34 35
5498
1637 314
490 6 294 16294 3 1474 4799 13072
6 4360
11 8611 27 987 218 6
1090
6 281 3 64
676 144 1560 1561 470 8034 2251 473
633 136 1101 148 453 837 472 499
6 1804 683
3701 8270 6465 670 278 934 28
135 77 4597 4598 24
1592 1593 4158 4159
474 316
19795 7 891 2867 4238
5771 5772 402 7966 12868 14210 5214 7267
1978 211 16274
11 1 6 20 9652
650 775 1468 2874 1132 2083 5694
328 1
2243 14563 14564 14565 321
253 686 1460 20 357 579 540 800 1685
6 378
8065 376 2181 3719 783 504 379 2217
11 27 6 15150 3514 272 273 294 934 1050
435 438 452 872 245 1486 1752 316
2124 2126 2127 2128 2129 1467 2130 3 5349
2120
265 7 667
987 1 218 1489
2159
1808 4737 773 1035 3084 2874 90 781
3551 2875
2817 4405
6571 242
11 6
6 1018 3 3405 2457 9787 7
3394 2134
508 4 4315
1 314 6 138 6540 248 3
11 6
98 99 100 101 102 103 104 105 106
19 2980 670 134 11359 677
242
2403 3394 2094 294 7026
11778 3287 13605 8968 11663 8882 11981 8986 11664 8468
522 1141
4060 5676 688 770 232 2267 2043 1129 5308
2105 2285
688 1601 158
1 40 6 2 1456 55 138
1568 2034 1691 2180 2035
1 6
11 1 6 16782 16783 16059 1800 16784 16785 13000
331 332 333 334 338
90 238 5076
1 6 4643 380 273
64 6296 734 85 6828 897 86
2417
457 458
6 152 537
1496 1499 205
47 2164 830 698 11296
11 640 1 218 6 1877
852 3124 717 2979 719 1612 3125 204 278
2192 3
1403 1404 1405 1406 1407 1408 1409 1410
1774
303 354 514 525
3593 205 1960 1513 3286 6704 3288 7527 5801
2201 380 3658 381 3224 696 273 2451 5562
9278 470
90 521 14168 1710 3 2171 832 4065
2272 807 290 633 148
1519 529 1135 530
374 77 4600
3717 4577 357 3337 1119 845 901 21
8053 64
27
6 818 349 41 3797 253
11 603 218 6 3385 1168 5044
504 2050 3223 5536 697
4 3620 27 6 215
6 215
4168 3540
56 303 5501
6 5394 752 1919 520 521 522 777 2403
11 1489 6 2159 4763
2371 3700
10003 6 3 7
6 5560 3
400 32 87
11 6 1919 3693 1839
1237 1238 1239 1240 1241 1242 1243 1244
379
254 364 1693 3517 2272 2072
333 334 338 339 11 27 1 658 40
1 218 6 3
16641 633
3374 3489 397 4043 8483 13709 5194
294 83 5728 1174 64 14035 2457
230 2265 10271 257
11 40 6 1144 1857 83 3 71 999 77
2271 3736 8096 4761 11562 3391 241
290 737 6649 1077
3
999 1000 77 24 245
444 744 3654 836
118 2331 7 85 86 879
11 987 1 40
890 567
19970 19971 19972 4432 10446 18690 7917 11481 19973
879 3209 2862
64 5028
443 445 448 449
4181
2186 6 7939
3 811 14441 7 1084 563 667
4045
1 2
18117
18116 13522 15224 16392 4197 4198 4199 17948 6990 4200
1 40 6 16234 2942 290 737
6 55
14706 7863 3741
770 3647
135 6000 446 73 494 3536 3255 2334
6 19751 241
71 423 567 2310
364
464
6 3 2448 109 110 114 64
1051 1052 8945 8946 2813
1117 521 3 5598
83 3
4387 1496 1497 5344 205 1960 505 5890 6251
245 3958 3959 1923
3197 4500 5659 220 3882 2028 1461
15872 15873 15874 5085 8040
753 4190 1770 56 901 1534
2928 2929 2930 2931 2932 122 562
3
135 567 568 563
6663 4808 2977 7539 3956
5101 1063 1580 679 269 11 1 218 6 555
1126 1688 773 650 2128 2129
640 27
148 448 449 2819 12758
1077 3835 3237 435 587 1004 482
1838
1185 1186 1187
4841
2133 305
3859 1934 37 2231 148
1 6 55 3784 2977 2979 423
1
4 11732 6 1144
254 513 4739 773 1035 3666 273 3 5014 9195
3992 1689 747 255
99 397 127 10010 64
1 40 6 2376 13452 83
138 2178
14772 18592 17707 1051 1052 5338 3924
3541 4153 857 1905 152 303 2120
7 1050 11734 8337 6502
987 1 218 6
1025 58
3172 276 1820 3351 3352 402 897
83 3 1720 2426 11889 1728
27
1787 1788 1789
10605 10050 3209 14976 7363 212 5347
2026 1168 139 2119 220 5663 845 762 901 361
8563 5728 8361 64 5975 8564
13709 6499 8377 713 715 8382 8386 62 1477 8288
4988 4561 992 6011
3197 4345 2028 306
6 6660 7 85 86 499
821 230
4749 64 734 77 4098 290
325 326 327 328 329 330 331 332 333
3692 3693 302 863 20 254 1685 221 255 1690
278 2331 4074 7 2443 205 8338 8157
4395 1960 5080
8258 3338
2284 46 1640 3224 3804 83 938 2412 1481 6513
6 1769
512 504 1610 83 1049 265 7 205 402
3926 16417 11693 7562 8157 11101 3292 2817 674 3208
28 7 3858 29 31 32 87
2134 3141 672 3282 13055 148 434
677 3131 3145 5232
1834 400 3685
6 215 1710
1216 1217
870 2332 877
3517 2872 1807 3551 1602 46 379
817
832 102 119
633 13313 435 978
3 3318 6261
3 1000
5816 897 1077 148
1692 294
762 230 512 1694 1696 1698
261 3 4776 7 897 4009 10 6915 212 10006
434 6868 144
836
6 10995
27 6
563 438 573 6199 870 3103 564
3985 9602 838
6 901 579 3 4774
3712 7 11988
218 6 10225 1839
1358 1359 1360 1361
4676 4750 4751 6571 2960
6 83 7 85
7939 3693 3258 2012 38 352 3387 686 1644
11 218 6
7 49 85 276 13062 897 86 423 531 148
259 236 667 448 4581 449
20 363 364 25 1810 46
1812 794 829 3391 1469 3394 1532 842 504
6367 8384 9454 5140 8764 833
1536 1648 747 2263 2034 2035 1806 229 1692
1 218 6 271 138
4
2110 2111 2112 2115 2116 987
11 648
64 4952 5753 7167 670
2258 2442 2261 759 1839 220 356
379 382 672
1692
517 5501
582 824 1515
2303 4046
2123 2128 2129 1467 2130
614 45 3437 5821 3 6069 6867
507
3118 2263 1985 2035 2264
15642 6580
6261
438 443
11 640 987 218 40 314 6 56 2941
1519 504 4031 672 3370 83 3847
1693 7 3272 4497 13886 6189 1956 205
1052
211
39 11
445 3076 467 5984 499
6 1710 18666
922 1 218 2024 314
3411 916 470 7540 6137 473
7
442
2867 4238
82 27 6 5818 4244 215 20416 10559
4723 2035 25 512 1600 1707 1708
1933 1934 1935 1936
112 131 1036 3124 717 1588 135
766 512 1694 1695 1696 1697
1 6
6 215 138 1541 1065
49
4801 3819 7860 670 3776 2331 49 423
2081 6 16470
1312 1313 1314
970 64 934 7 5257 7010 2849 2395
11 6
5988 215 11271 138 253 686 1838 354
762 1534 228 5254 1981 604 579 1535
866 587
523 3 101 135 77 148 2303 3092 1926
55 5242 45 376 306 2159 699 2094 3595 2977
809 810 3370
4598 738 148
2843
5755
128 131 148 3461 677
334
3 265 4380 205 12795 77 136
64 3403 148 438 442 9710
138 3 2145
590 19902
294 83 7 737
6286 6287 1051 1052 438 458
1609 6406 525 1518 526 1134 527
11675 5885 7313 5988
6
901 21 1981 358 25 233
1839 356 3765 863 357 901
87 4662 88 8144 1980
6 588
787 455 3411 3413 744
1696 1698 1112 1628 1629 1707 2952
2331 5849 4074 9156 5339
917 540 1121 1536 541
3020 435 438 455 5246
11555 77 4093 5856 563 4101 148
1403 1404 1405 1406 1407 1408 1409
1 218
11 6
1517 2159
1872 944 56 1534 1806
91 83 3 4990 7616 6281 701
9272 7475 9273 9274 9275 9276 9277 17611 3776 4498
2817 11102 4410
112 7 5581
3801 16118 3
724 835 729 670
1115 1 40 7820
4628 7100 960 64
1018 302 1808 516 884 491 1810 1025 2134 2159
17622 17623 423 866
6279 834
3155 3241 1162 4805 986 269 11 1802 1
3272 1956 3691 7437 205 14217
2457 7239
4735 5686
863 762 2031 3992 747
747 362 1693 370 772 2072 3677 2282 1132
1131 5686 518 3084 491 1019 521 969
632 354 504 46 379 4767 3881
1507 6704 13064 15260
6
6 1658 138 382 784
9757 2266 797 5675 366 2042
2067 6717 5943 1926
2113 2114
3 14235 14236
11 2344
1 6 2080
3613 4042 4043 107 108 109
1518 526 1134
2133 242 5376
1570
9298 2457 7222 7223 7226 5572 7228 7232
7 897 1868
239 241 6299
1806 229 1693
1851 6669 4694 2255
266 1170 2956 9710
3348 5147 422 24 438
3117 83 3 7 2849 205 85 86 6169 871
3322 47 2006
12676 12677 148 3725 587 446 492 2303
218 6 2 361 3992 1806 20306
706 5310 116 118 560 3810 2409 1477 2367
1145 1829 4759 3437 12 974 5330 1830 3
897
2975 2130
4698 2211
2280 2124 1466 1035 2975 5501 371 775
3485 1025 1071 423 2018
1068 212 87
6 3
11 1 6
2 55 527
1814 1008 9424 316
1361 1362 1363 1364
361 1811 4766 379 1712 423 15668
27 6 1955 1956 49
6 1144 2069
356
49 205 4378 1052
11 1850 218 14306 670 278 16040 73
3248 160 1 218
64 4068 601 729 4825
11 6
11
7585 5552 809
236 775 46 1166 273 83 3
11 6
11 3
11 27 1 6 1754 6760 4444 90 7
