18 1035 1062 3504 248
227 319 852 219 29 211 1334 71 8 4488
6648 206 74 20 3692 8 1484 306 103 40
8
71 125 51 124 71 176 64 184
520 3 2483 96 17 33 3276
37 2667
1943 71 8 6913 96 75 27 4011
2227 1286 7736 92 1992
21 20 30
8
1 1 1 581 2187 21
3 8 2672 18 174 71
175 846 39 3
314 29
227 1842 14
1769 1151
14 6841 5055 122
128 1914 2177 14 8 2315
662
265 96 6569 199
96 17 13 188 530
224 50 1474 266 197 17 896
147 96 11 61 1383 4161
347 19 39
53 71 8
101 8 4503 1378 617
2483 17
632 219 90 2613
86 18 26
2459 30 272 8 5834 14 3947 18 227
124 90 8 1842 18 6059
1 1 781 276 641 30 5773 71 8
23 2818 8 188 4620 40 19 50
2158 25 29 64 6040 476
71 1561 318
2949 18 541
45 1012 579 8
306 33 831
206 21
292 868 18 1501 18 186 17 90 2145 18
6542 8 224 4803 14 8 23
71 227
1200 1431 18 577 3119 92 3120 18 3105
219 125
122 319
127 5360 381 5324 272
71 41
21 785 17
306 103
8
707
8 126
3 74 934 8 174 92 375 18 8 493
21 3578 6728 6763 14
96 24 175 63 1942 1611 412 21 8 1035
71 1482 819 17
470 71 764 21 8
36 40 4010 2672 21 117
8 1262 5300 21 8
3692 4535 17 8 1025
39 40 716
8 73 1260 103 8 108
206 63 2669 103 227 3712 71 227 188
54 74 761 20 1788 2065 74 2340
802 292 318 71 138 30 17
17 8579
17 27 90 8 3003
1
18 3790 3797 6893 14 3799 71 8
1431 2983 299
4437 510 96 117 577
5265 158 92 5266 18 40 73
8 3818 568 307 2227 209 96 1103 2990 227
18 8 707
2220 52
1564 14
40
2483 18 1025 17
647 18 8 4081 219 32 299 307 21
8 731 18 3561
21 3578 6728 6763 14 3697
147 1701 2561 2227 14 2562 209
759 22 23 3987
71 7276 8 2483 18 11 96
71 53 18 209 8952 92 963 728 51
4012 227 2992 71 563 8 861
7147 8 1321 18 1110 347
1942 6097 586
8 1334 18 6494 6495 307
80 8 3001 274 4260 71 307 14
8
2912 3786 103 8 3814
100 14 1162 265 17 1205 71 125
852 45 6263 124 494
2355 1380 224 71 225 3
20 103 29 400 219 63 52
96 3378 160 39 40 2782 316 8
214 3206 224 50 1366 290 40 3197 19
18 8 2328 18 8
248 8 977 787 18 6302 8 6545 8
4514 97 30 160 52 1792 103 318
292 8 669 71 8 400 14
323 21 8 2154 18 122 2580
117
1 2904
219 9381 292 8
8 276 1414 17 377 21 8 1804 90
3 347 1272 3771 18 23 1909 96 17
181 40
40 1143 14 17 567 71 8 4203
18 8 174 18 113 96 17 507 52
14 2450
8
36 64 17 8 65 39 40 66 14 8
3983 40 2296 2925 25
5286 8 126
11 17 52
14 71 32 122 56 18 153 14
6050 243 21 8 391 1944 292 11
235 4417 58 71
5000 3378 124 8 401 126 299 209 18
310 30
436 878 14 5968 335 994
14 8 1214 1135 21
5772 1 1 1 1 1 1 1 1 1
3830 153
3736 29 541 51 274 479 21 8 1943
274 290 4170 307 39
96 17 8 930 1263 14
92 5989 17 306
6519 14 6436
1422 71 347 296 146 103
71 1896 29 8 2483 18 11 1775
92 299
1
3508 5107 71 8
8 870 1232
259 278 1163 71
2818 219 124
92
9429
2473
1 1518 29 197 290 591
310
142 1017 2676 206 138 4433
14 1505 14 1862 934 124 276 1863 1864 14
71 53 40 2483 3090
124 2894 45
21 6766 103 8 5711 18 318
3741 21 8 440 20 637 20
18 8 16 71
124 8 2956 18
186 181 152 14 7273 20
2304 942 40 7130 14 84 711
641
212 2672 212 591 101 612
1 1 7378
71 398 14 71 588
6550 609 14 7989 1308 18 3406
1357 25 71 125
17 29 8 3456 18 8
3257 122 7024 29
1669 71 355 311 1670
8 23 29
8 2315
50 8 3818
11 4056 30 103 8 4082
23 6975
3349
7762 103 33 5531 71
275 71 3309 318 21 74 2612 20 29
2621 164 71 480 318
1 1 717 75 212 1143
2013 470
209 463
683 318
647 530 40 19 3339 71 3340 74 312 20
8 7250 292 7440 14 818 30 71 7441
71 8 4307
234 21 40 89
1 1 1 1 1 1 1 1 1
318 1232
17 25 199 3060 21 3061 20 122 3062
8222 21 8 1378 6745 125
20 71 3249 928
103 492 39 224 4151 8 3040 17
122 625 347 98 443 101 265 12 161 45
632 899 14 1632 29 17
651 1526 71 211 877 932 92
265 12 1381 505 17 401 1421 14 12
307 29 530 8 2672 96 17 8 188
234 30 2924 40 186 18
47 71 5424 8 5425 18 8
1614 92
318 14
14 209 96 6608 497 5588 20 266 219 124
25 30 918 71
71 63 505 21 8 604 18 3790 810 395
333 831 103 347 19 71
71 1350 74
8 4921 2129
52 8 731
2227 8
3231 3232 8
274 4440 381 1244 274 290 3442 21
8719 18 54 1913
274 539 299 746 1308
592 1188 92 634 586 8
7163 45 7619 14
333 1155 18 877 1901 3 5872 245 18 3801
145 52 71 8
14 722 723 272
487 52 646 553 265 63 8 23 299
852 8 186 18 8 3826 97 265 160 5061
1025 40 19 50
124 209 96
292 29 18 8 152
410 92
50
1439 1683 206 343 14 1684 58 50 711 1513
316 3821
3401 38 381 1244 839 25
17 8 4646 14 21 23
14 71 1520 316 146 4204 71 8 4376 18
53 124 3801 52 306 18 8 1822 39
51 2990 1339 3 4539
40 2353 14 40 193 18 192
224 707 759 17 197
17 13
17 293 824 8 2690 17 293
20 234 30 160 21 523
161 8 2251 92 1378 18 40
17 90 33 4497 14
8 1321 51 1469 272 318 20 40 102 669
2015 71 2952
290 810 316 1526 14 117 19
900 1910 2913 219 124 567 71 227 4982
183 74 934 14 312 160 71 290
21 40
17 8 988 7126 505 71 8 3814 29 160
26 27 17
1158 29 266 219 2082 187 14 128 14
14 469 206
310 26 1032 17 4981 3 293 1599 263
29 8 2365 160 161 162
21 40 2272 3437 18 8 604 71 323
5505 52 2227 124 3801 265 263 5506
17 402 71
2353 17 6832 2483
14 40 2493 14 225 530 227
21 322 219 211 307 187 316
8 2690 12 52 1611 39 8 1143 592 1611
2998 187 265 29 61 74 3774
3283 2820
3239 1103 265 4387 71 117 224
641 20 340 6811 71 54 23 192
1135 318 343 290
8 152 107 14
2672 160 4094 80 40 19
1089 18
4530 810 3749 11 8 2659
4847 307 18 8 107 71 96
1165 2299 219 147 52 290 25 564
75 3206 39
2138
728 18 296 9025 14 292 8 2728 4011 3
3276
810 6520 21
63 1611 92 8 72 3 3754 92
21 8 731 18 11
2672 96 75 21 537
8 126 73 50 290 21 1866 761 161 224
292 2502
351 1321 20 6167 20 8 193 18 5775
510 8 72 1909 18 8 2998
17 71
197 235 859 877
14 3869 8 4946 818 1913 3771
122 3814 3801
50 290 13 744 685 40 824 14
942 2756 1577 18 8 1378 40 5135
20 5800 5801 5802 476 30 33 5803 5804
40 332 5530 101 265 29 4030 40
206 71 1061
2672
502 29 117 1116 17 40
17 4776 347 18 209 688 2263 29 5316 52
8 393 92 18 8
2221 71 125 8 484 103
18
7447 290 3562 71 11 2352 21 138
274 290 21
117 19 810 1075
80 30 17 52 71 290
502 2667 3799 7349 6993 7001 14 922
18 8409 122 2376 71 1218 39 307
71 8 930
641 18 6014 292 8 2672 39 3 6015 96
1 388 162 17 292
1 1 1
8522 8 8535 4502
40 98 1116 101
3734 25 267 3293 1945 381
1204 18 209 761
527 1769 265
192 193 29 1103 290 3776 21 122 65 18
65 14 29 212
265 3430 21 8
4334 74 2177 299
122 2690 14
219 13 34 4063
7017 266 219 810
50 4183
21 54 761 492 293 1599
548 96 17 8 1504 18
92 71 1713 292 263 347
18 1214 92 96 8 2672 92 945
1 1 1 1 1 1 1 1 1
29 4998
5711 1991 14 1992 20 11 8080 92 7327
122 5711
122 145
1942
30 17
177 51 63 8 679 18
21 104 4583
75 162 3681
5421 71 743 318 54 21 3411 124 52
1218 39 71
2687 17 2237 340 6736 1383 3 40 516 92
306 617 30 17 90
103 8
174 21 227 7314 30
219 124 52 2138 71 140 8 2672 18 58
21 8 5450 18 40 2992 219 4112 500 8
30 29 8
193 17 1053 586 219 125 52 176 3
92 318 29 63
1825 8 905 18 962
272 8 1378 18
6515 3
185
2707 318 54 976 52 1363 306 2680 53 4019
918 71 1561 299 307
2013 917 21 122
1590 2586 71 1469 3401 38
1896
20 5615 17 8653 14 147 1978 318
2129 18 1983 3921 14
8 5270
388
290 21 8 2483 18 3268 197 17
17 401 6929 14
124 982 71 1482 29 1508 124 8 145
810
64 17 71 290 1135 540 39 27
26 647 147 290 564 916 299 2397 29
1018 1019 29 266
8 4468 12 395 2495 71
17 21 8
51 458 3
161 29 604 8 247
3309 263 3 122
5849 23 206 101 71 1702 122 319
381 40 855 188 185
52 5226 8 2353 8 669 18 8092 810
126 21 122 312 759 21
7581 179 4433 5971 7037 4915 30 343 749
71 8
384 18 8 178 14 50 290 1217 21 74
592 395 1942 784 29 470 8 188 4488 31
193 306 50
3025 18 102 2760 39
1357 71 1006 917 71 8 109 694
5224 2621
197 14 21 26 6059 18 393 124 13
2299 2222 21 8
319 92 23 3174
1 1 1 1 1 1 1 1 1
2567 103
14 84 1687 206 50 1350 58 14 1688 877
8645 877 1155 981 292 30 510 857 92
26 16 263 39 7092 71
206 30 17
52 227 3349 299 1001 18 8 136 2215
284 22
100 18
21 1982 8 484 18 494 24 14 1246 292
8 423
30 292
40 2992 14 26 17
307 20 40 1067 18 2988 18 122
30 3350
20 124 5051 21 26 224 14 50 290 5712
71 1263 14 632
819 306 92 8 831 18 3925
1 1 1 3310 124 3835
651 318 20 40
39 29 51 220 265 7336 293 3578
21
30 274 290 2588 3 3406 14 8 3406 274
73 14 12 8
401 258 14 4653 18 206 3
318 14
33 4193 39
16 17 6589 299 5583 617
3830 1316 272 8 414 219 5379
162 29 219 918 52
224 29 4151 181
293 258 1047 71 997
52 71 4282 307 266 265 17
3681 3 2667 5662 21 8 4913 18
53 8 2991 186 181 21
553 265 121 265 4028 8 4219 18 122 11
117 707 1381 17 8 707 18 224
290 885 29 2301
2365 6501 8165 29 17 8
290 4850 3 4851 20 40 4646 3 4852 14
8 8994 92 414
18 8 188 27 290 2447 265 602 121
4705 5193 97
18 8 1913 1555 17 4242 96 17 8 187
395 163 779 103 8989 14 469 23 3595
21 206 29 63 2592 328 199 17
11 4011 71 290 163 779 14 209 96 51
29 2672 96 17 377 90 8 2672 18 3079
71 1972
1066 8 259 29 84
129 206 30 17 52
262 3118 52 3926 3095 492 1366 219 124
781 2433 18 2282 14 21 2434
746 1244 580 7446
262 3268 14 1103 323 976 224 648 71
86 18 3834 17 4643 71 6182 92 9248 14
205 101 209
8 193
17 40 98 1116 101 234
18 5270
905 18 962 71 3090
102 14 4010 145
8 860 425 18 188 3714 2228 52 292 347
3 347 18
290
759 4798 436 8
323 14
20 637 2512
17
2780 124 197 142 26 648 103 142
20 29 80 8 2092 572 500 8 98
71 125 318 97 3 376 1755
18 311 312 21 1117 71
1335 18 8 4930 58 14 3 8
2667 14 2227 2683 14 505 142 318 4019
8 2185 18 922 17 29
292 214 3832 685 8
8 604 18
214 40
8 6648 568
40 2672 13 39 8 188 436 40 2672
234
18 227 186 1829 7508 18
265
21
857 18 8 333 1280
14 225 159 20 40 4646 12 8 707
92
8 2221 617 71
33 3732 21 5935 234 265 290 52
8058 52 20 3119 18 8 5036 14 124 6800
1215 40 1116
7594 7595 29 17 8 988 7126 505 71 8
265 75 712 779 292 169
229
146 290 245 6798 92 886 80 197 17
17 1792
31 2347 1314 71
1714
406 2265 492 33 3445 3446 381 122 3447
52 1205 92 52 2225
71 290
3689 3690 3 29 7978 18
581 662 2228 40 1138 29
8 2092 18
8 457 84 3204 103 8 637
17 71 2435
63 227 43 292
8 145 18 122 1387 29 484 17 52 122
1 1 1 1
5264 21
7216 318 96 27 17 591 4866 505
103 8 2724 18 227
8 147 18 117 224 18 318 17 71
1 1 1
7384 14 40 7385 5055 545 318 124 505 71
17 212 1440 18 1392 18 1282 199
3 122 154 92
662 27 51 124 71 824 18 8
21 8 322 18
3080 27 124 22 696 1064 18
103 197 30
92 1443 1178 18 117 129 19 30 17
13 103 29
1025 2771 1754 147
1599 6811 7162 2483 17 52 18 26 16
1217 262 4321 14
18 8 205 2263 995
2474 14 440 50 63 414 21 8
2672 435 20 825 39 21
92 73 20 635 461
39 5528 199 645 124 145 8 2360
17 8 1032 18 64 17 2672 6857 54 512
3 8 186 18 8333
759 31 219 290 1357 71 622 318 664 101
30 20 23 152 4766 125 292 8
917 21 209 29 124 567 71
535
4525 8 870 266 7869 7649 14
318
8
1368 45 124 18 591
8
63 212
2672 50 1480 307 71 8 2757
1591
1018 103 8 7172 18
18 40 1368 3134 578 8 278 18 206
26 25 1018 40 558 1103 18
96 12 52 161 162 394 92 3
4305 917 71 8
2167 17 71 1193 14 1754 922 292 2168 14
1214 92
1522 103 8
63
30 17 90 25
318 199
18 1684 18 1684 18 7120 579 227
122 934 71 8 332 1022 7006 21 96
75 6256 3 2667 492 8 2690 4305 2667
20 175 63 711
920
19 836 1376 905 71 4417
17 18 435 567 71 278
731 299 4100 4531
242 8727 381 1244 17
8 6858 1270 18 8 2686 2687 124 162
96 17 505 1381 18 8 184 18
1334 1260 21 40 4774 759 4798 436 8
21 2300 294 18 1822 657 92 71 323
64
39 1833
316 8 4708 18 1710 197
29 1708 2810 21 3268 8 2580 8
5591 18 23
1232 818
18 40
266 8 2757 17 333
6951 71 8 516 18 6952
21 1262 175 3195 3 647
3352 532 18 8 2296 1062 103 96 8 2672
14 1186 39 306 930 692
26 7993 52
199 645 8 690 18 934 14 548 20 1285
290 3547 71 307 21 8
18 227
29
414 14 1584 1753
72 4160 18 122
18 728 71
39 3638 14
274 5025
175 63 163 519 8 174 18 19 104 2526
2669 175 343 162 8960 64 17 71
31 3208 212 905 71 63 30
3406 20
18 307 265
14 4557 1632 3 5566 71
519 21 1505 14 547 348 96 602
1 1 1 1215 8 2906 18 40 1983 567
74 20 17 5497
163 40 2992 612 58
17 1018 103 8 7172 18
160 505 71 539 3 8 2589 160 2468
17 102 103 206 161 224 14 8 126 604
810 13 145 71 6650 30 75
306 600 265 4039
4643 71 4690 18 8 126 3 1263
209 145 18
1
1378 1545 71 8 939 18 1392 21 54
648 18 932 8 89 648 18 293 7187 534
206
2365 96 4433 5705 52
197 17 33 2072 1135 52 306 71 45
52 13 779 18 45
17 1357
193 14 122
292 457 1
323
274 51 1894 71 293 7187 198 7486
21 1212 1944 71 2667 161 5976 5977
23 2348 101 124 2237 3 122
175 63 13 4105 40
1861 18
270 269
71 3325 234 219
45 2766
1364 1769 52 8 7678 18 11
71 2729 14 632 50 234 265
509 14 511 63 395
9443 18 8 162
90
1 1066 690 45 124
14 3109 197 17 52
332 2610 219 818 8 731
4202 18 54 8 8394 1178
40 19 12 212 8129 1510 40 943 103
219 274 290 230 103 4168
861 96 63 395 2756 292 318
347 18 209 688 2263 29 5316 52 315 181
440 306 92
20 161 3242 162 103 8 5485 18
5131 92 5132 29 1446
8 188
487 52
651 8004 103 227 2376 292
71
1411 292 8 5895 29 1260 858 293 1599
4535 14
22 1903 17 40 1067 18
102 146 14 1400 17 3859 71 290 21 209
104 1696 219 4417 17 90 33
71 599 8
71 1419 3 1788
92 2150 18 2004 210 14 17 2151 1955 3
1244 17 52 90 890 39 29
8 2729 18 6304
17 29 21
175 3195 52
274 221
846
5241 71 4907
18 8 7842 147 14 18 8 186 18 11
220 332 17 8 1517
8 3188 14 4837 124 14 343 655
400 44 17
54 74 690 124
8 604 71 323 25 29 117 19 3438
290 2756 262 8 2483 18 11 29 17
1165 71 122 3734 14 632
63
746 3740
117 47
71 3195 306 3 8 4118 18 8
2998 900 1025 3508 4720 890 206 8
8 276 299 209
92
29 219 810 8735 350 8 2992 29
405 568
885 318
29 8 1481 18 284 2887 17
1009 2517 71
33 1376 92 3296 20 614 20
21 1547 92 45 2157 1204 18
71 1788 14
105 18 8 193 265 5428 52 8 106 18
41 32 8 648 14 649 92 579 8 806
124
30 4305 30
40 2483 92 209 29 124 2472 8
21 8 174
29 5141
8 591 3746 436
535 14 2238 8647 14
63 3401 38 14
126 503 71
1783 30 75 14 557
9118 680 18 8 9119 20 637 18
75 354 3
9005 40
96 219 27 231 269 103 568 227 4902
8476 18 114 29 1025 274 4372 266
4846 50 290 4847
6308 4940 71 263 1185 71
374 71 8 665 443
125 579 219 539 71
229 8 935
219 5119 922 71 256
1267
124 4011 71 434
6263 124 494 14 1191 292
994 2895 14 152 153 21 8 193
206 381 1244
3508
878 18 26 7122 29 265 75 8 1025 8
75 557 291 779 39 245 3 40
23 206 92 8 1834 18 45 1776
388
2672 71 32 29 2756 96 17 25 5823
8 276 8 1663 256
2665
3611
8 152 186 75 243 306 103 40 3366 18
234 40 2992 4140 40
290 2312 142 21 1000 3256 318
3465 40 89 4788 39 124 4789 18 209
96 8 1694 274 2983 381 211 1696 29 1696
17 212 2217 436 2218 755 71 290 2219 759
18
1861 18 8 7040 862 562
198 71
14 4010 2672 18 174
351 186 4906 542 29 274 8875
1132 436 54 1262 17
3328 1324 8 3787 21 322
14 8 977 71 5018 227 6605 14 29
538
307 71 6836 1421
17 40 493 8 4323 18 1244 71
316 2078 846
52 290 332
30 40 2487 96
18
21 29 14 3756 307
229 29 8
17 90 8
96 17 54 224 33 1584 1585 14 40 89
92
71 45 537 71
40 2129 3438
7421 14 7422 14 7423 17 52 2237 759
20 9492
8 905 8 2945 3832 810 71 8 188
124
470 31
102 14
227 3922 92 227
398
1025 14
1 191 71 53 8 16
8 558 18 6745
3814 8 2677 14 8 72 2353 21 26 641
1 465 40
347
122
152 153 50 290 5019 3 74 1798
8 2934
985 52 3
876 31 2461
206 20 21 3146 14 4892
214 614 14
71 290
4720 18 1025 21 26 410 16
718 21 117 1421 1143 160 2695
71
1 1 1 388 1783 2557 17 292 209
219 124
17
1164 206 8 537 18 146 3 494 8753
8 2221 71 4187 92 3916 23
92 122 5706
29 17 934 14 6483 316 1356 14 8811
8 1685 84 1686
18 312 657 71 8
307 1048 103 270 18 6053 8
54 2444 2294 18 558 315 267 54 2445 315
23 761
219 160 71 125 7092 318 71 4342
14 2143
290 347 5860
29 4305 3389 272 2202 18 8 1132
3 8
122 319 4506 50 316 3762 1575
497 71 1191 292 199 692 349 2403 92 1162
29 40 19
227 696 4512
2659 219 160
21 8 637 4525
310 71 4576 40 3338 19
39
160 1357 71 40 5365 7282
1 1 310
40 1067 18 8 3540 6264
1 1 1 1
52 39 5096 179 3569
5103 266
40 1783 707 275 4303 436 21
2673 508 17 2406
18 8
5224 8
197 290 554 468 2406 1192 3734 71
290 3164 14 21 64 8 174 18 3243 14
92 20 8 38 18 1269
117 23 635 937 20 71 32 30 40
3 1186 14 1187 103 21 54
227 9436 14 9437 4810 292 307 3 96 1042
1406 3877 17 39 40 2143 3878 18 928
29 655
307 71 670
3109 2445 8 2913 18 1953
92 6824 18 619 8 977
293 2795 1599 3 138 63 395 399 142
318 8 3818 14 6378 18
4490 52 306 612 122 319
18 8 604 580 30
394
6744 18 2054 20 6745
290 1532 1446 101 20
580 571 29
1559 1913 210 299 187 292 8 188 186
377 71 206 29 124
3 391 245 54 161
14 25 8 414 17 1510 293 532 29
468
40 660 17 71 53
21 22 761 1708 25
18 8 870 14
4827 4828 52 25 199 71 8 1673
30 75 3786 436
4578 219 4579 8 98 75 227 1214 14
810 40 1792 186 71 32 318 121
539 18 40 193 3
8 837 18 227 186
71 3389 8 4365 657 18 318
8 665 443 14 444 71 8 446
40 114 39 8 1027
1143 492 11 21 40
14 32 537 18 2397 1638 2766 14
3973 5087 4433 266 175 4035 8 6708
306 292 40 257 18 1335 14
2667
101
6532 8 5109 18 8 193 553 219
1271 92 1793 1794 92 1795 8 1796
30 316 187 292
18 1285
11 14 976 8
612 8 1243 1589 1825
685 307 299
18 1490
40 4457 18
160 245 335 567 71
71 53 1546 7329 14 7330 96
29 530 40 3734
290 122 4258 245 3
18 871
30 161 8 7183 64 146 17 197 103 2345
52 306 21 8 6225 18 40 785 18 1526
3 187 265 4006 275 8
1577 18 8 1378
17 234 30 5059 1017 52 212
36
632 103 8 4384 2672 18 174 175 1320 26
58
562 40 8369 14 8370 8371 18 8
8 1595 7807 390 30
1402 259 1908 96
18 227 3545 2177 29 219 1103
316 787 14 316 1431 21 8 126 641
110 1353 71 2180 54 3949 274 290 1135
8 2659
2355 18 347
4533 262
20 7033 545 1266 52 20 7033
92
4677 3 347 18 122
18 122 319 102
5137 71 211 436 219 810 5137 2756
2243 96 17 40 548 418
74 1508 197 17 212 414
299
74 20 212 19 31 125
96 8 84 8383
18 391 33 9238 18 522 29 17 18
1144 585 1954 8 1244 14
103 8 934
96 17 21 4105 3 8 3711 381 18
347 9 17 40 89 252 18 8 294
225 863 265 4304 307 6733 14 17 8
40 5951
192 97 40 4307 52 71 290 18 8 1014
284
395 592 52
39 71
3638 14 3639
7483 299 225 14 7484 595
52 8664 8 2672 18
96 175 63 1942
17 1942 21 26 16 17 4972 52 3
90 4559 21 94 4560 14
810 545
71 102 146 29
18
63 685
197 17 4775 21 797 8 537 18 8
1366 32 4285 18 494 210 20 4286
8 3406 147 8652 318
19 96 17
40 296
64 5324 219 124 1318
332
14 315
1 1 1 1215 4317 14 6169 18 8 1913
188 103 8 332 18 122 2376 274 220 30
107 3
13
604 71 323
29 1791 18 40 7228 2483 2768 40 2483
3953
7802 14 1535 6378 21 122 2353 71
8 897 18 8 1933 8 1934
52 1075 3 347 4620 262
985 14
3 8 731 18 3559
272 3 8 934 39 8
7057 30 71 54 92 347 19
7090 71 2989 40 5466 21 8 3202 18 5451
759 80 347 5242
2483 17 52 18 26
8 145
604 96 75 7304
81 101 905
756
2672
17 212 3151
92 347 23 7634 18 861 39 7635 8
18 122 186 14 632
153 92 122 707 92 122 1042 18 38 290
965
71 58 18 89 3319 217 21 1110 58
187 18 8 188
75 513 40 7567
14 2143 1346 18 1212 6762 731
219 29 1682 40 1673 868
20 40 1067 18 3508 1974 5599 20 3508 7130
342 96 17 567 71 224 3511 188
33 1453
18 8 126 14 602 3454 307 18
18 494 210 20 4286 14 74 20
7631 174 14 1843 39 8
265 17 263
101 20
438
10 40 19 50 458 21 64 19
1628 381 284 911 21 8 1508
19 4993 103 8 106 18 122 745
934 175 4624 54
918 175 140
847 1830
1131 52 14 266
8
2963 8 6580 25 30
312 8 188 12
223 18 224
103 1257
29 17 71 53
8
2158 318 92 3 8 2121 18 45
17 212 102 7604 18 8 108 759 80 347
96 8 988
234 52 755
14 1782 29
163 318 779 161 54 21
1466 39 306
8 187 18
1 310 162 51 355 29 1269
40 193 12
17 21 8
71 290
388 306 543 71
74 20 316 4574 14 996
310 436 3 8
14 1861
8535 4502 1 8536 8537 948 234
63 39 40 1571 6745 17 275 316 23
18 154 3101 92 23 2185
188 17 230 71 1481 20
316 23
8 3300 266 8 2749 71
18 11 75
29 541
7046 18 8
74
632 8 2657 266 219 810 4593 22 3079 71
21 40 4646 219 479 30 52
21 227 754
21
7544 3139 14 494
124 1583 299 8 123 18 40
306 266 227 4676 1103 63
409 5341
17 52
197 75 212 537 18 4240 8 2349
290
19 29
14 23
310 25 30 75 234 51 176 8 831 14
206 29 63 52 5117 71
39 74 40 1431 20
187 6122 30 14 21
