1 3
1 8
11 12 1
10 2 3 1 12 2 12 7 4
1 6 1 5 2 5 6
9
1 11 1 14 1 10
8 1 8 1 8 1 2
4 7 4 7 4 7 4 7
14 7 4 1 17 7 4 2 1
10 2 7 1
4 1 2 1
7 6 10 15 6
1 11 1 4 1 11
6
4
15 1 2 6
3 1 12 1 7 4 7 4 7 4
7 4 14 9 4 9 8 7
1
16 1 6
2 5
8 1
11 2 1 2 1
1 4 1
12 1 15 1 6 1 10 1
7 13 2
14 6 4 1 2
5 1
12 3 9 8 9
1 2 1 2
6 7 4 10
1 2 1 2 1 2
2 1 7 1
9 2 12 10 9 3 9
3 1
12 14 12 10 5 11 6
9
1 6 1
2 5
1 2
12
4 12 4 12 4 10
14 1 14 1
1 7 1 7 1 4
4 2 4 7 4 7 4 7
1 12 1
12 2
1 7 4 1 2 1
1 2 8 5 2 6
2 15 1 4 15 16 15 1 16 15
1 17
1 7 14 1 14 1 14 1 14 1
7 6 7 6
6
14 1 14 1 14
15 2 15 2 1 15 7 6
1 2 1 2 1 4 3
1 2 11 17
6 10 6
11 1 11 3
1 12 2
7 10
1 3 1 10 1 3
17 1 3
4
7 4 7 4 3 7
5 3 1 5
1 12 1 12 1
2 3 5 1
1 7 1
12 2
2 1 2 1 2 1 2
2
4 7 4 10 2 6
10 7 10
2
1 8
14 1 14 10
1 7 1 6 1
6 1 4 7 9 7
4 3 1 6
10 11 10 6 4 7
4 7 4 7 4
7 1 7 1 7 1 7 1
4 2 3 1 6 1 2 3
2 1 4 1 2 1 5
1 12 1
10 2 3 10
2
1 4 1 6 4 2 4 14
10 1 3 1 3 1 5
6 2
12
11 1 2
1 4 14 1 2 1
4 17
4 1 4 1 3 1 4
1 12
2 6 2 6 2 4 2 7
6 2 7
1 11 5 1 11 5 1 11 5
3 8 3 8 3 1 3
6 1 13 9
11
3 14 10
9
7 10 1 10 1 4
8
1 4 2 1
5 1
12 1 12
2 4 1 3 2 3 2
2 1 2 1 2 1
2 6 1 6
8 3 8 2 8
7
1 3 1 4 1
10 3 11 6 11
2 8 7 5 8
3 4 10 11 17 11
7 4 6 12 3 2
10 3 11 6
1
4 11 4 10
1 12 1
1 12 1
4 7
2 14
15 6
1 3
2
2 5 4 2
10 2
1 2
14 4
2 12
1 2 1 2
15 6 5 15
1 8 2 8 6
7 1 7 1 7 1 6 1 7 1
1 10 1
12 2 12 2
4 9 4
9 7 9
4 7 4 1 2 1 10 1
9
1
7 4 7 4 6 2 6
12 1 12 1 12 1
1 11 1 10 1 12
1 2 5 2 15 2 1 2 1 2
4 6
1
5 1 5 1 14 1
2 3 2
10 1 6
14 1 5 6 1 11 1
1 4
6 4 7 4 14 1 10 5 8
4 7 4
1 6
10 14
7 6
6 1
1 4 1 4 1
2 5 1 4 14 12
9 7 6 1 9 7
2 15 10 15 2 5
1
2 15 10 2
7 4 8 4 1 4 1 4
10 7 4 7
4 8 4
16 7 4
1 2 1 2
10 7 10 7 10
1 3 14 1 14 1 14 1 14 1
13 9
1
12 3 1 10
7 9 7 4 7
1 2 1 2 1
1 11 1 7 4 2 4
8 1 11 1 4 1
2 12 2 10 2 10 2 1 12 1
10 2 14 10
7 1 17 1 4
2 1 2 3 2 3
7 1
4 12 1 11
4 1 12 1 4
1 6
7 1 12
1 4 1 2
12
14
2 12 1 12 1 12 1 12 1
10 1 10 1
2 15 10 15
4 7 4
1 2
1 11 3
7 15
9 12 13 1 14
7 4 7 4 7 4 7 4
6 9 7 9
12 2
1 6 7 1
4 2
2
1 3 2 8 10
1 6 1 6 1
14 1
1 15 1 10
14 1 2 1 2 1
2 6 1 4 1 4 1 4
1 2 1 10 8 1 16 1 16
1 2 1 4
2
1 6 1 15 1 2 6 1 6
4 7 4 1 4 7
1
15 1 2
1 2 10 1 3 2 1 3 2
13 4 9
10 2 1 2 4 2
12 1 12 1 12
2 1 2 12 14
1 11 2 13 1
14 1 14 1 14 1 7
9
14 6 5
3 1 3 6 7 1 12 1 2 1
7 6 7
6 2 12 14
7 6 9 10 9 4
7 1 7 1
1 6 2 12 10 7
12
10 2 10 6 2 6
1 4
9 8 9 7 4 7 4
1 14 1 14 1
11 1
6
4 1
1 3 1 10 3 1 14 5 14 1
3 10 3 6 5
5 2 10 2 10
9 8 5 16 5 16
2 1 12
15 2 15 5
2
15 4 15 6 15 1 15
6 2 15
8 1 7 4 1 17 14 1 14
14 1 14 1
1 2 1 2
4 7 4 3 10 2 10
6 7 6 7 6 7 1 6 1 6
1 14 8 1 14 1
6 7
5 2
5 2 15 6
2 3 10 12 2 15 2 12 14
1 2 1 2 1 2 1
1 15 14 15 2
10 1
3 11 3 8
2 1 6 1 6 1
10 15 3 15 3 15
2 12
7 4 7 4 2 1
15 7 6 7
4 1 11 4 9 7
1 11 1 11 17 1 17
13 14 13 14 13 14
1 2 1 2 1 2 6 1
1 3 1 3 1 10
2
1 2 1 17 2 10 2 1 6
1 12
1 3
10 6 5 8 2 3
2 6
17 6 3 2 1 2 10 12 10 3
6
1 2 1 2 1 2 3
11 1 2 12 3
1 7
8 12 10 6 3 2 14 2 11 2
7 6 7
12 1 12 1 12
4 1 4 1 4 1 4
11 1
2
2 7 4 7
12 3
3 6 5
1 4 7
2 6
14 1 12 4 6
9 1 9 1 6 1 6
14 2
17 11 1
10 2 10
8 10 8 7 4
6 7 6 9 1 12 14 12
4 1 4 7 4 1
9 12 9 12
6 1 4
1 4 1 4
7 15
6 5 6 4 1 14 1 12 15 12
1 4 2
9 12 1 9 1 9 1
2 7 4 7
1 7 4 1 4 2
10 6 10
7
1 15 1
7 1 7 1 7 1 7 1 7
10 1 11 1 12
4 7 4 7 4 7 4 7
3 15
6 5
2 8 3 8 6 8 2 13 14 1
1 14 1 14 1 4
7 6 10 7 10 7
1 2 1 2 1
4 15 3 15
7 13 9 7 9 7 1 7
1 10 12
5 8
2 4 2 7
1 7 4 1 12
10 15 11
3 12 2 12 3 12
6 7 1 2 1 12 1
1 7 4 7 4 7 4 7
5 10
1 14 7 1 2
7 4
4 1 4 1 4 1 4
14
4 7 4 7 4 7 4 7 4
1 4 1 4 1 4 1
7
12 1 2 1 6 1
4 7 4 7
7 10
5 1 4
9 1 3
1 14
1 2 15 2
14 1 7
1
12 6 4 1 3
1 4
4 2 3 8
7 6
2 1 2 1 2 1 2
7 11 17 1
3 6 3
4 1 7 4 1 17 7 1 2
7
1
1 2 7 1 3 5
17 1 3 1 12 1 4 7
6 7 1 2 1
12 1
6
2 1 10
3 8 12 7 4
7 6 15 6 5 2
13 14
3 12 1 12
14 6 13 6 1
4 2 6 9 7
1 11 1 11 1 4
5 9 5
10
9 1 10 9 4 10 2 3 4
1 10 1 10 1 10 1
11 1 14 1 14
11 2 1 2
11 1 2 11
6 7 6 7
6 15 6 15 6 15
6 1 6
12 8
1 14 1 14 1 4 1 14 1 2
1 2
1 6 1 7
1 7 1 12
14 2 1 2 15
11 8
1 14 1 14 1 4
6 10
2 15 2 15 2 1
1 2 1 2 1
15 10 15
4 2 1 7 9
14
6
1 4 7 4 7 4 7 4
1 7 4 7
1 7 1 7 1 13 8 14
2 1 2 14 2 14 2
12 2 12 2 12 9 2 9
1 10
10 5
1 14 1 14 1 12 3 1 14
7 4
12 9 8 7 4
1 2
6
11 1
15 1 2 6 12 2 16
3 2 12 2 6
9 1
1 14
1 3 14 3 14
14 1 14
1 2 1
12 3 12 7 1 12 7 1
10 1 6 1
9 1 10 1 3 1 7 1 9
11 1 12
1 6 11 2
1 10 1
1 14
9 11 9 1
8
12 2 1
7 4 1 7
1 12 9 1 8 1
14 1
1 6 4 6 4 6
3 9 13 8
5 15 5 15 3 15 10
1 14
1 3 1 6 1 4 1
14 9 12 9 5
1 10 1 3 4
1 6 1 2 1 6
7 4 5
10 1 7 4 12 1 2
1 2 1 4 1
1 3 1 11 1 2 15 5 1
14 1
6 7 6 7 6
12 7 4 7
4 1 4
14 9 1 4
2 10 2 10 7 4 7
1 3
14 1 8 1
2 7 4 7
2 12 1 12
1 15 1
1 14 1 11
4
1 4
12
13 14
1
1 2
4 1 10 2 1 10 4
13 7
7 6 7 6 15 6 15
4 1
1 8 2 1 2
10 1 12
7 2 7 1 7 1
2 5 2 1
7 4 7 4
2 3 12 2 12 2 12
10
1 2
2 8 2 8 2 8 2 1 11
14 1 14 1 14 7 1 7
3 12 1 10
9 1 9 1 12 1 6 1 6 1
1 12
10 2 10 7 10
1 12 1 2
1 6 1 6 7
1 10 2 1
6 15 7 6 15 3
1 12 1 7 4 5
10 2 6 10 2 10 1 6
8 3 6
12 2 7 4 1 10
1 12 1 15 1
6 2 12 11
7 4 11 6 10 5
9 7 1 14 1 9
4 7 4
10 1 10 1 10 1 10 1
5 2 7
1 10 1 4
1 2 15 2
14 1 14 1 14 1 14 1
1
7 1 7 1 7
12 1 14 9 1 9 1 9
6 7 15 6
1 3 1 3 1 12
4
3 6 1 6 1 6 1
4 14 1 6 1 6 1 6 15 6
15
1 8 1 13 1 13
1 2 1 2 1 3
7 4 7 4 7
4 1
2 10
12 9 10 9 13 8 9 8
1 2 1 2 1 14 1 3
1 3 1 3
6 7 6 7 6 9 3
15 10 15 6 3 9
1 14 1 14
1 2 7 1 2
7 6
8
1 12 1
11 1 11 1 14 1
1 2 1 15 5 1 2
7 4 7 4 1
10 15
12 2
6 12 9 12 9 13 8 6 12 9
3 9 1 2 9 1 6 9
7 4
12 1 14 1 14 1 14 1 14
14 12 10 4
12 1 2 1 11
12 9 3 9 11 9
4 2 12 6 12 2 1 2
2 4 2 4 2
2 1 2 4 8 4 2 4 5
8
2 10 2 14 10 1 11 2 14
15 10
12 10
12 17 12 5 12
1
8 3 14 9 13 3
2 1 17 1 2 1 4
4 7
1 9 1 9
15 1 9 1 2
2
6
1 11 1 12 1 2 1 2 1 2
2 6 7 6 7 6 9
2 8 2
10 8 11 8
2 1 17
1 5 1 5 1 5
6 1 6 1 6 1 6
1 6 1 6
1 2 10 1 2 15
1 14 1 14 1 11
2 4 6 4 2
4 6 7
1 2
4 7
1 2 1 7 1 4 1
12 1 12 3 1 3 2
6
7 6
4 7 4 14
2 12 14 10 3 11 6 5 8 11
3 14 3 6
1 11 1 2 1
7 4 1 10
1 2 10 6 2
14 1 11 1 9
1 12 1
1 6 1 3
5 2 14 1 14 2
14 13 1
1 2
8 4 13
14
1
15 6 15 6 7
7 1 7 1
1 5 2 11 2 5 1 5 1 5
4 2 15 4 15 4 15 2
7 6
1 2 1
12 1
2 12 5 1 15 10 2 11 17
7 4 8 1 10 1 7
1 3
8 2 8 2
9 4 9 8 9 13 7 13 9
4 7 4 2 4 7 4
1 14 1
1 3 1 14 7 14
1 6 10 2 10 7
4 1 14 7 14 7 1 14 7
2 14 12
7 1 7
1 11 3 1 3 1 3 2 1 2
17 11 2 12 2
10 2 10 1
1 2 15 11 8
2
1
1 6 5 6 2 6 2 4
2 6
1 3 1 14
1 12 1 12 1 12
5 15 3
4 2 12 3 2 3 2
17 1
1 2
2 4 10 2
7 4
1 9 1 9 10 9 1
1 11 1 6
1 2 1 2 1 2 1 3
4 2 3 5 11 1 2
1 6 1 6 1 7 4
3 1 3 1 4 1
1 2 1
6 8 9 4 9
10 1 2 1 12 1 12 1
1 14 1 12 2 1 15
11
13
9 1 4
4 15 8 15 4
6 15 2 15 4 15 12 15 5
1 14 1 14 2 10 6 14
1 2 1 10 14
15 5 15
6
1 4 1 4
9 2 5
4 1 12
3 1 7 1 12 2 1 7 1 12
14
4 1 2 1 4
2 8
2 10 2
10 1 10 1 12 1 2 6 2
7
13 14 13 14 13 14 13 14 13
6 15 6 15 5
1 10 1 10 1 10 1 10 1
2 7 2 4 7
1 5 1 3 1 5 1
1 7 2 1 12 1 4 1
1 6 13 14 13 14 13 14 13
6 12 5 12
2
4 9 4 9 7 1
6 7 6
14 6 1 4
6 1
14 1 2
6 10 2 1
9 1 9 1 2 9
2 14
5 15 6 15 12 15 2 5
17 7
17 1
1 12 1 7 1 17 1 2 1 10
17 2 14 1
1 7
12 14 7 2
7 4 7 4 7
2 1 2
10 2 4 14 11 14 12
1 12 7 4 14
1 12
8 12 1 7 4 1 12
1 2 12 3 1 10 3
1 10 3 1 3
7
1 12
10 1 2 1
10 3 1
1
1 3 1 3 1 2 1 2
14 1 4 7 4
4
1 2 1 2
1 10 1
6
14 1 14 1 14
1
2
1 14 2
1 7
6
1 7
1 6 7 1 6 7 10 2 10
2 1 2
7 4
4 11 4 1
1
10 11
1 11 1 5 1 6 7 6
3 14 10 5 6 8 11 4 2
12 1
7 4 14 4 8
7 2 12 2 15 3 1
6 2 9 8 9 8 9 4 9
1 12
1
10 2 6 1 2 1 4
6 2 10 2 1 2
2 1 4 1 4
2
12 9 13 8 12 8
1 11 1 4 1 2 1 4
4
11 1 3 1 2 1 2 1 12
7 13 7
1 2 1 8
15 1
1 11 17 3
1 3 1 10 15 1
1 2 3 1 3 1
2 9 7
11 1 11 1 11 1
10 15 6 9 7
6 7 1
8 12
1 2 1
6 1
1 2 1 17 2 14 1 12
1 4 1 2 1
2 12 2
4 7
4
12 1 12
6 10 9 12
12 15 14 11 15 3 15 3
1 4 1 4 9 7 1
1
7 12
2 14 1 12 1
1 12 1 15
3
4 8
4 7
2 1 4
1
1
2 6 1
1 2 1 8 1 2 1 14 1
11
9 7 9 8
15
2 1 4 1 4 1 4 1
2 10 11
2
1 11 1 6 1
6 4 2 12 2 12
2 1 3
1 7 1 7
7 6 4 7
1 2 6
12 1 12
1 2
7 6
7 4 7 4 7 4
9 7 9 7
2 10 3 2
12 1
3 9
5 12 2 10 3 1 2 14
14 1 2 1
7 4 7 4 7
4 1 2 1 2 1 7 4
14 10 1 4 1 14 3 2
2 1 2 1 7 2 15
11 2 14 10 3
1 2 12
14
3 10
8 4 2 8 2 10
1 2 1 2
1 14
7 6 7
7 9 8
1 4
1 5 1 2 1 2
9
4
2 1 14
1 14
2 1 3 1 4 1
7
10 1
12 2 14 7 3 5 8
4 9 7 9
4 8 4 6 8 5
14 1 14 1 7 4 1 7 4 1
9 1
5 1 5 1 5
2 1 2 6 2 7 4 6
15 2
15 2
1 12 1 10 1 10 1
7
11 2 4 2
14 1 17 1
1 2 1
1 4 7 11
2 1 6 7 2 1 6 1 6 7
8 10
4 14 4
14
2 1 10 1
6 7 6 7
3 11 4 10 12 2
9 4 10
3 12 2
2 6 12
2 4 6 4 6 4 7 4 7
14 1
7 1
4 7
1
1 11
2 1 2
3 12 11 6 1
1 10 1
2 1 2 1
9 4 9
15 2
11 12 2 1 6 7
1 2 8 2 1 2 8
6 7 6
7 4
11 2 7 1 4
1
3 12 10 1 10 12 1 12 1
1 14 1 12 1 14 1
4 11
1 11 1 4
4 5
2 1
7 6 2 6 4 6
7 4 2 4 7 4
7 2 7 2 3 6 7 3
1 2
2 1 2 1 2 14 2
1 2
7 6 7 4
7 6 14 7
6 4 2 4 2 4 2 6 2 7
2 12 14 7 4 3 11 10 6 5
12 1 4 1 12
2 1 10 1 2
2
7 6 7 5 15 1 6 7 6 1
11 17 6
15 1 12 1 12
1 6 7
4 10
7 4 5
4 7 4 7 4 7 4 7
4 1 4 1 4 1 4 1 4 1
8 4 8 2 8 4
2 1 2
14 1 2 12 15 7 6 1 12
1 11
1 6 1 14 1 6 11 4 11 1
1
1 6 7 10 2 6
1 12 1 12 1 17 11 2 5 1
1 6 1
3 10 7 14 12 2
14 6 7 6
7 4
6 1 2 1 4 1 7 4 7 1
15 2 5 2
1 2 3 1 3 1 4 6 1 2
1 12 14 1 12 1
1 2 1 12 1 2
4 7 4 7
1 14 1 6 7 6 7 4
12 4 6
1 14 1 14 1 14
2 15 10 1 15 10 3 17
9 1 7 4 7 4
10
12 2 15 1
12 14 1 2 7 4 7 4
12 1
6
7 1 15 2 15
1
1 2 1 5 1 5
7 1 17
4 2 4
7 1 10 1 5 6
8
1 4 1 11
1 11 1 8 2
9 6
4 8 9 3
2 1 7
7 1 7 1 7 1 7 1 4 7
12 9
3 12 3 2
9
2 14 11 6 2 11
5
15 3 1 3 2 1
6 7 6
1 11
9 2 9
1 3
2 1 12 1 12 2 1 2
14 15 14 15 14 15
2 3 2
1 11
11 2 6 4
9 8 9 8 9 8 9 8 9
1 6
1 14 1 14 1 14 1
1 11 1 17 1 17
4 3 12
6 1 6 1 2
1
7 10 7 10
3 1 6 12
2 1
6 2 1 14 1 6
11 1 2
1 12 1 2
1 10 1 12 1
1 5 1 4
13 14
2 6
2 1 7 4 1 4
1 4 1 14 1
6
9 4 9 3 1
14 1 14 1 14 1
2
10 12 2 1 2
4 7 4
7
4
1 12 1
9 12 2 6 8 2 8
9 1 7 1 7 4
1 2 1 2 1 4 1 6 1 14
4 7 4 7 4 7 4 7
1 2 1 6 1 4
4 2 4
1 4 7 4
14
4 1 4 1
6 1 6 1 6
9 4 9 8
2 1
1 14 1 14 1
14 11
14 1 11 1 10 1 2
2 1 2
1 4 1 4 1 11 1
1 7 1 7 1 4 7 1
17 1
11 5 8 6 2 6
8 9 8 9 5 2 14
1 2 1 4 1 6 1
1
6 1 11 10 12
1
4
1 2
5 6 3 11 10 7
10 11
11 17
7 1 7 1 7
11
15 10 15 6 15
7 1 7 4 1 2
9 1 7 4 1
6 7 3 9
11
4 6 9 3
2 7 4 7
3
1 6 4 6 2 12 15 2 4
14 2 6 11 6 4 6 1
