87
43 45 27
33 59
33 246
39 247 72 250 84 88 253 29 76 81
143 20 145 101 149
51 9 110 22 117 6 118
71
98 110 12 117
58
8 32 49 56
5 30 76
76 79 23 22 45 26 35
45 51 44 58 110 6 47
24 29
17 23 8
162 15
64 253 67 72 255 75
30 4 35
139 4 7 141 52 143 8 49 144
42 8 12 66 9 57 10 7
132 71 133 141 37
133 12 136
12 20
62 146 59 149 150 64 173 14
110 66 114 11 117
197
72 26 31 64
248 18 253 62
150 195 245
33 246 12 253 17
189
245 21 42 63 251 29 37
139
67 33
27 31 5 11 15
16 30 19 31 35
62 72 26 54
184 189 190 63 245
31 35 6 36 52 44 37
51 81 75 65 84 48 22 70 47
41 58 46 40 69
46
37 41 34 5 45
23 9 22 40 24 38 17 18 47 19
246 9 250 253 255
28 143 23 42
199 245 15 38 40 247
32 246 16 250 4 252 20
35
47 17 18 74 48 78 79 133
26 1 46 54 53 113 33 114 117 29
97 50 108 109 133 15 43 143 11 144
67 139 63 141 143 64
101 37 42 47 73
8 16 37 9 31 10
79 35 40 47 36 64 98
26
22 25 73
139 18 141 28 36
2 150 164 166 247 250 34 253
99 46 56 105 114
249 34 250 253 14 19
26 33 28 34
253 284 16
23 28 44
62 69 117 118 133 44
118 51 124
68 96 104 260 106 293 24
143 144 61 145
78 12 79 113 3 117 119 10 120
36 40 68 110 1 66
79 35 52 36 37
2 26 51 8 20 13 41 17 18 33
13 118 120 32 40
245 51 102 246 34 252 85 253 28 32
15 133 13 37 136 77 139
45
101 110 17 7 66
9 28 10 22
26 47 31 16 36
84 78 79 110 7 113 43 117 29
72 250 253 12 255
8
56 283 51
1
115 70
118 119 133 22
48
34 45 17 24 46 90 15 27 53 79
62 108 109 99 110 113 51
23 33 35
65 19 71 23 63 26 31 12 86
1 9 65 10 32 69 17 12
40 63 87 118 121 170
74 24 78
31 83 84 35 42 75 100
149 150 166 3
25 43 45 27 37 41 22 44
2 10 24 53 63 4 25 29
7 9 37 10 11 66
40 50 139 59 63 143 1 34 51 144
41 63 8 9 35
31 11 33 35 6
35 36 110 117 118 139
74 16 78
39 253
73 17 11 18 82 23 36 26
31 24 32 25
117 118 58 133 30 136 42 143 191 245
9 83 10 11 17 28
54
43 246 253 254 38
17 14 33 41 2 18 55 20 45 26
11 117 118 16 132 139
36 133 44 60 139 2 143 144
26
52 8 53 9 73 10 60
45 71 35 36 70
57 58
197 198 86 246 250 253 22 25 255
62 247 253 25 28 71 255 86 259 68
26 27
41 20 26 11 27 64
74 2 11 38 8
67 110
16 163 8 173 184 9 189 190
253 14 254 36
13 46 51 14 52 87 17 33 22
199 245 40 46 246
2 27 32 3 77 89 8
139 52 143 53
19 47 26 38 31 46
64 57 71 31 24 68 35
149 150 151 44
18 69 21 24
18 37 73 19 52 54
19 18 43 28
48 111 5 114 117 24 118 132 46
30 245 56 246 253
184 19 245 38 45 74 249 65 71 253
143 55 144 11 60 245
5 39 253 259 12
254 37
14 113 20 117 118 123 49 124 132 46
78 38
63
4 42 48 8 33 66
245 21 22 252 12 255 29
253 30 33
143 145 56 146 149 150 249 7
15 37 61 18 80 31 19 30 42
36 13 24 29 14 45 50
78 191 245 15 29 31 246
60 147 12
133 11 19 143 144 26 146 41 149
143 52 144 50 56 153 246
51 53 133 2 139 49 143 33 50 144
67 309 310
47 45 54 78 79 67 110 113 36
17 66 89 8 18 38
20 21 31 22 26 15
253 12
34
133 138 143 245
57 45 47 39 36 68
5 54 44 105 16
44 54 9 23 29 13 15
120
106 131 26 78
31 37 17 23 18 43 28 54
139 16 143 144 245 62
253 34 257 25
117 118 132 60 133 143 58 144 57 63
26
25 139
262 25 29 284 68
10 149 4 43 150 16 163
9
75 195 245 248 250 12
245 34 246
40 51 30 53
22
47 133 7 143 144
101
14 66
24 47 57 256 61 64 259 20 262 87
13 45 18
40 53 11 14 23 24 83 85 17
48
33 23 44 26 34 73 12
25 79 65 99 16 38 108 11
74 42 78 79 114
246 18 247
245 38 246 247 253
61 23 68 79
15 50 247
43 132 47 136 24 143 16 144 51 146
28 31
253
7 9 60 11
29
29
13 39 17 25 22 31 26
10 21 8 22 38
14 37 22 20 18 23
56 18 29 49 20 31 50 23
90 96 5
39 8 14 59 9 50 11 30
18 36 8 11 37 10 17 6 19
35
3 250 40 45 253 11 254 73 256
16 8 6
51 144 146 153 27 42 184
57 67 246 250 38 253 14 255 24
9 33 10 59
9 35 10 11 28 59 37 49 17
4 253 254 24
246 20
77 108 109 110 12 16 117 1 118 133
119 15 133 3 135 146
171 214 217 69 245 40 41 248 253 262
16 5 53 61 8 26 45 9
43
18 40 17 3
245 43 52 59 246 253
139 42 60 143 46 61 144 78 163 179
10 36
64 283
84
25 78 6 79 110 4 21
55 63 8 4 12 16 51
61 309
24 36 45 37 43 58 70 100
83 133 69 141 42 144 195 245
237 245 32 246 247 257
38 174 45 219
46 136 39 137 141 143 144
144 30 147 12 25 149 5
1 39 27 29 21 54
165 179 11 180 34 246 38
9 55 24 12 44 26 27
17
40 310
110 117 118 37 121 22 132 38 39
23 62 37 41 5 110 6 117
18 58 19 22
31 56 62 17
48 52
118 51 124 15 132 2 139 10 143 7
50
22 19 26 28 50 35 46
38 8 30 9 44 11 18 76
77 46 68 48 29 53 113 132
149 150
59 69 73 78 79 110 47 117
17 2 20 70
32 33 133 136 139 7 143 8 144 18
22 20
12 149 6 245 59 246 253
218 245
25 26 256
48 56 58 143 144 245 41
113
248 23 253 47 254 25
209 245 10 253
24 39 26 8 27 49 48 57
283 51 309
35 19 39
7 30 46 10
39 41
143 144 245 34 47 86 247 12
22 113 29 117 23 134
11 150 191 245 37 48 246 5 252
149 18 150
167 46 245 42 246
26 4 81 94 8 13 27
39 10
93 168 66
12 245 19
132 45 139 42 143 199 245 26 247 253
64 8 1
6 18 245 253 60
169 57 179 180 61 187 47 189
17 49 18 37 60
61 280 283 64
28 34 8 21 35 9
30 280
31 179 180
24 85 32 65 35 57 38 36
117 73 75 97 78 65 123 110 56
13 41 48 14 22
253
144 245 29 46 246
253 29 32
161 33 246 253
30 36 48
32 118 81 133 4 134 83 135 75 143
139 143 144 62 205
54 8 6 9 64 10 36 50 11 7
52 78 79 113 114
1 11 24
168
77
17 18 49 89 19 61 22
4
35 31
53 113 132 133 15 48 63 143 16 195
144 195 91 197 198 247 250 16
35
4 10 9
26 27 28 23
59 26 55 27
37 69 53 74 78 33
41 35 36 110 117 118 139 143 144 61
61 150
132 43 75 77 133 36 41 135 29
9 82 10 29 68 13 7 19 17 20
246 247 19 253 41 255 37
44 46 69 66 89 73 49
82 27 78 28 83
46 41 53 113 114
114 52
79 110 2 113 114 19 117 31 122 22
20
17 12 18 23 8 53 26
28
17 1 57 18 46 112 23 26
8 30 49
17 61 76 22 33
15 19 58 77 254 32 255
17 22 28 41
55
255 56 69 256
13 23
37 65 143 3 146 62 147 149
143 21 144 146 49 149 2 150
90 20 76
253 39
53 149 21 150 80
10 110 21 117
8 1 9 19 11 39 40 13 24 27
45 50 57 59 17 2 16 30 37 51
19 32 173
61 132 62 143 144 41 69
29 71 26 27 14 16 35 7 24 41
114 74 117 34
117 118
16 19 255
26 27 61 28 44 35 36 41 10
16 33
103 39 79 35 31 36 88 22 113
71 8 7 41 10 17 28
143 144 44 53
132 45 46
51
120 11 132 14 62 139
33 117
173 5 179 180 246 15
19 29 74 64 79
52 69 48 71 53 110 45 111 7 112
50 71 16 78 6 79
61
23 63 26 31
173 245 246 248 253 255
253 30 42 62
22 9 94 11 16 18 13 102 14 3
33 253 17 259 11 13
70 17 6 22 50 23 51 26 31
117 22 118 132 65 133
34 110 6 117 118 120 3 139 8 143
9 56 13
84 107 78 70 79 117 110 57
249 20
117 8 12 10 16 32 13
78 11 79 108 18
35 266
39 53 139 28 30 143 23 144
16 17
27 32 266 21 24
119 4 34 133 30 60 141
144 61 174 50 246 12 37 253
47
78 13 57
284 10 25 309 40 310 30
39
245 81 97 249 35 254 40 47 49
55 40 11 73 24 35
55 9 23 11 47 54 13 12 17 35
61 46 22 48 69 30 56
46 14 54
35 11 36 37 66 102
39 63 2 13 22
79 52 110 113 1 9
245 246 15 250 43 51 253 24 256 39
46 245 11 19 48 253
245 22 246
8 2 9
38 70 58 71 78 42 79 28 74 99
73 51 78 79 110 114 32 50
108 5 23 70
201 202 246
27
70 2 8 33 34 9 76 10 17 28
42 57 110 45 111 5
45
82 73 23 37 78 13
143
47
247 251 58 71 253 33 39 256 43
20 21 253 29 62
11 29 113 48 114 86 117 3 30
7 9 43 10 30 36 13 16 45 61
44 253 48
59 110
10 27 62 11
100 14 75 18 58
245 63 68
14 43
52 56 67 144 3 210 227 232 246
15 253 24 32
46 53 4 113 1
2 49 52 3 63 70 4 1 23
37 40
133 139 55 141 134 143
9 34 20
52 120 132 49
62 110 10 113 40 54 117 118 132
19 247 22 253 41 255 56 66
46 112 23 26 101 27 24 41
78 20 79 53 94 29 40 108 21
60 127 245 84 88 107 253 76
35 10 36 33 110
195
9 67 13 19 82 108 26 74
52 35 1 53 66 36 74 82
45 8 1 62 19 65
5 117 1 139 143 199 39
245 246 252 39
144 145 37 149 253 41 71 255 262 84
246 20
78 110 51 113 117 52 119 120 133 67
88 39 65 80 44 60 45
35 17 1 28 49 46 53 113 34
120 69 132 1 70 133 37 139 143
18 126 20 80 26 76 31
36 74 34 78
17 25 18
22 24
195 246 248 39 250 47 253
117
74 139 143 144 146
44 46 6 53 3
54 113
51 69 38 78 113 11 117
36 143 12 210 245 22 41
52 26
25 132 133 31 139 50 64 143 51 59
27 47 33 50 28 54 63 34 96
133 13 42 139 143 8
54
70 34 9 29 10 7 17
114 118 9 132 28
27 43 48 18 64 53 7 113 1
144 2 149
13 254 65
253 32 259
12 54 8 6 9 64 10 36 50
119 21 133 143 152 187 23 44
8 15 52 9 37 10 54 13 16
36 37 42
45 25 30 35 21 31 36 53 113 5
147 51 149 170
50 146 16 149 11 150
40 9 55 13 48
43 26 1
33 15
247 11 12
7 253 22 34
76 209 245 82
14 75 18 58 22 40 26
19 51 81 75 65 84 48 22 70
113 43 117
31 35 14 70 53
5 198 245 33 247 17 250 23
133 5 134 4 146 149 170 21
2 11 38
33 112 114
23 193 218 245 62 76 247
8 250 32 41 253 13 17
53 54
18 60 8 4 10
114 143 25 144 145 149 150
15 56 77 17 49 26 27 57 63 46
246 253
16 51 17 18 58 24
67 46
52 113
30 17 19 31 20 23 24 26
139 16 143 144 170 191 193 209 245 246
22 60 19 54 26 12 27 62 28
78 79 113 133 5 134 4 146 149 170
39 120 68 132 37 62
245 4 248 17
27 35 2 36 40 68 110 1
31 246 51 58 247 48 252 66 69
149 150 54 171 42 173 5 210 23 245
36 35 4 51 69 53 71 78 79 110
83 97 50 108 16 109 113
118 133 139 11 143 144 153 75
4 113 1 119 15 133 3
143 146 149 170 21 39
11 133 143 144 145 149
110
132 55 133 139 50 143 219
11 166 175 179 12 195 197 198 247
78 79 60 99 55 68 108 109 110
37 247 46 248 272
247 248
23 12 26 63 27 29 46
23 25 44 49 248 17 253 38 255
140 9 176 10 40 153 168 13 77
78 1 79 110 10 117 118 29
143 144 173 39 184 191 212 245
9 99 11 25 33 13 47
11 41 78 13 57 14 75 15 30
40
17 23
7 253 262 43
25 118 119
22 170 184 237 243 244 39 245 43
79 14 25 26
136
45 253
47 70 8 15 34 9 31 13
18 23 8 53 26
57 26 23 27 35 37 44 36
12
55 17 19 18
12 66 110 10 111 117 4 119
89
36 73 20 110 5 111 50 117 48 139
31 35 48 41 78 79 50 110 9 21
23 33 35 12 36 40 110 117
143 195
14
139 143 40 144 58
7 22 247 26 253
65 113 9 117 133
11
9 49 14 20
3 144 29 245 50
60 64 125 255
34
57 133 25 139 32
64 8 34 9 73 13
15 25
48 17 37 18 60 22 35 46
48
1 118 139 7 143 2 144 52 195
44 245
118 133 44 55 134 58 135 36 143
144 187 189 190 80 245 72
6 36 52 44 37
9 61 21 52 14
190
29 259
117 10 118 34 139 14 21 143 144 28
11
1 11 17 22 18 16
32 45 11 33
22 6 36 70 11 78
149 5 150 29 210 245
26 31 27 30 56 35 45
56 78 79 67 110
64 65
82 78 79 110
40 8
179
1 22 118 120 13 17 132 51 139 4
246 247 252
144 77 199 74 245 46 249 37
7
11
55 66 246 252 253 259
41 13 55 73 17 42 18
114 124 117 66
13 61
4 118 132 48 49 133
114 46 117
30 37 18 67 22 39
18 29 49 20 31 50 23 68 51 27
29 52 2 53 79
78 11 79 49 110 117 1 118 133 33
114
179 25 180 45 195 197 198 247 16
80 146
41 8 1 52 51 19 49
47 145 149 150 163 18
31 24 32 25 37 35 36 52 42 73
10 76 130 11 20 41 57 75 17 50
3
7 22 49 26 32 45 70 35 36
49 30 66
114 133 3 36 143 245
34 209 236 245 39 248 16
8 4 12 16 51 64 70 9
23 42 14 65 66
20 59 31 25 63 35 36 75 73
22 14 46 33 23
18 66
64 184 66 195 246
30 8 1 16 31 9 84 25
35 17 36 18 77 22 33 41 23
49 44 79 110 23 117 3 118 28
4 114 117 118 52 133
214 247 253 254
8 1 9 50 52 15 47 17 18 74
56 34 70 17 50 78 10
37 17 18 22 28 35 26
37 136 77 139 18 141 28 36 143
116 135 63 139 52 143 53 145
6 53 3 54 72 78 25 79 49
26 1 49 27 37 65 81
23 30 253 255 262
42 19 62 88 89 22 48 26 49
45 26 46 67 27 100 72 69
78 79 50 110 9
10 22 42 98 123 13 66 17 43 82
32 260 52 281 77 86 284 19 309 310
40
36 2 15 67 79 114 120
246 6 16 253 257 37
45 66 39 18 27 75
67 139 12 143 3 146 72 151
52 64 110 1 53 111
25 35 31
10 46 11 87 17
38 40 5 11 70 52 14 78
162 187 18 189 190 245 38 50 246 253
113 1 132
28 51 35 36 46 7 113
36 74 45
61 23 62 37 41
1 24 10 37 41
113 39 114
40 13 47 50 1
118 132 31 32 133 5
6
132 35 40 139 143 25 209 245
42 8 6 9 51 10 47 17
247 253
23 35 74 29
118 33 136 139 16 143
4
117 118 132 68 133 38 65 136 69 143
143 13 144 177 86 245 49 69
81 28 46 54 35 82 69 78 40
1 31
44 17 48 79 42 113 1 132
45 13
76 17 46 18 81 22 72 23 3 4
32 144 146 12 18
64 113 50 117 51 118 133 15 48 139
144 44 61 154 181 48 209 245 32 246
42 44
21 143 144 199 201
118 127 132 60 139 6 59 143
14
54
27 46 39 53
20
12 35 10 82 83
79 110 6 113 44 82 117
39 113 72 118 132
117 118 135 71 89
72 26 40 27 38 44 45
47 55 246 4 59 66
32 75 35 36
14 26 17
162 179 187 24 189 190 246 7 253
2 57 67 8 53 9 71 13 18 79
56 36 81
29 46 246 14 253 18
73
34 70 17 50 78 10 79
11 32 113 117
286 288
97 143 146 32 149 153
78
154 16 20 179 11 180 25 191 245 34
250 51 253
12 40 65 71 8 7
6 36 70 11 78 79 110 19
29 247 34 253 45
69 35 50 36 38 44 32
36 46 14 7 54 72 12
49 27 61 28 10 35 36 51 110
69 36 25 52 59 60 113 81 117
50 110 9
141 48 52 143 11 144 28
28
132 44
29 184
19 7 20
47 14 18 27 17 9 28
117 118 120 3 10 24 133 195
59 17 44 18 70 29 19 22 31
2 17 28
97 40 77
8 10 17 69 34 82
81 41 45 51 44 58 110 6 47
150 171 13 195
8 7 61 9 37 10 11 34 13 45
78 26 79 113 19
42 78 6 173
62 144 69 219 245 14
20 18 23 31 36 26 24 29 35
145 149 24 150
109 39 110 25 117 118 139 5 28
28 17 6 29 18 59 22 10 26 27
28 52 35 59 30 113 117 118
35 41 58 42 66 103
44 245 24 41 253 30 259 46 47 262
108 31 109
43 141
167
40 60
28 54 80 35
12 18 67
56 35
23 32 35 8 36 37 41 5 20
13 17 41 9 42 19 83 23 54
74 108 109 134 67 143 144
79 113 117 120 133 143 3 146 149
35 22 44 45 74 78 137 1 144
40 144 195 198
151 71 80 165
180 19 191 193 245 2
48 133 29 143 25
173 43 72 179 180 191 245 65 246 5
69 73 78 79 110 47 117 118 137 143
21 259 27
11 73 24 35 78 9 79
16 19 49
121 5 125
44 144 53 209 245 32 33 37
73 35 39 80 70 51 78
14 23 24 83 85 17 1 54
253 259 11 265
110 4 43 117 118 132 44
32 256 37
38 43 74 41 15 97
23 48 52 259
59 64 8
14 57
30 146
32
195 197 246 250 253
99 111 4 17 19 47 57 8 42
253 36
245 66 246
80 17 1 32
116
145
36 78 79 113 114 1 7 117 120 3
167 245 13 41 253
21 27
54 48 7 98 38 108 30 109
249 37 253 262
15 54 145 147 84 149 153
23 54
20 38 70
14 36 17 8 18 43 31 13 32 35
49 17 5 18
16 143 195 245 42 246 7 13 253
21 53 6 73 17 78 11 79
51 144 146 153 27
49 64 139 7 57 143 144
29 52 35 34 36 56 110 11 117 118
33 37 39 66 41 19 29 74 64
14
119 5 9 132 53 54 136 144 209 3
55 14 24 30 13 20 35 36 47 48
245 37 63 253 56 59 255
52 53 5 54 73 78 113 61 118 133
42 30 44 17 25 18 55 23 28 26
255 40 265
31 32 51 74 16 37 78 6 79
143 144
110 39 118
78 79 50 113 1 115 117
42
74 19 35 12 36 28 41 114 5 117
246 253 19 259 15
150 181 55 61 209 245
56
143
86 136 23
184 8 23 189 190 245 248 17
143 5 38 40 52 56 67
15 19 29
65 73 255
144 71 199 245 23 25 44 49
46 35 3 25 54 110
23 35 10 48 16
52 86 100 14
149 150 168 77 179
20 25 266
114 117 133 135 143 147
49
8 21 47 9
23 8 9 28 13
39 43 139
7 117 2 118 134 61 136
50
37 46 110 6 25 111
124 132 46 78
199 52 201 202 245 40
41
22 3 26 27 114 137 144 245 5
4 27 35 6 11 36 42
195 197 198 245 10 20
46 67 26 40 27 28
146 150 204 245 246 63 247 46
18 53 20 7 26 2 27 15 31 11
143 28 144 50 246 6
26 42 17 38 18 31
309 310 14
143 46 149 150 167
143 144 50 191 245 52 60
40 10 20 51 12 19 34 24 6
118 132 45 47 133 7 143 144 195
78
32
40 69 73 16 78 79 113 7 117 119
6 36 8
245 3 21 252 9 253 14 17 255 284
73
2 150 167 18 191 245 40 42 246 3
17 37 18 60 22 35 46
45 49 259 269
102 4 28 30
34
113 140 9 176 10 40 153
30 245
10 118 132 76 78 143 1
42 20 64 26 48 27 85 29 51
50 9
41 135 45
141 16
29 13 44 35 36 69 55 81 78
28
86 247 12 25 251
7 40 119 41 120 3 133 9 52
141 143
141
80 81 17 37 62 22 28 29 38 71
1 60 100 8 40
110 10 49
38 17 43 76 35 32 36 74 18
91 31
35
71 72 19 23 20 81
58 116 27 28 74 109 165 31 83
81 105 4 42 48 8 33 66 9
9 31 13 2
143 144
22 122
12 30 74 103 17 62
15 5 27
6 37 247 42 44 253 19 24 268
18
58 17 27 18 62 22 13 26 1
35 23 36
191 245 246
17 37 18 64 22 35 26
13 7 19 17 20 18
19 48 70 63 84 78 79 101
253 25 29
117
32 39 42 255 55 62
70 195 204 246 19 68 250 14 16
139 6
250 32 41 253 13
34 43
13 18 8 19 10 26 75 17 23
72 145 149 150 71 195
65 232 246 61
65 115 28 117 133 33 143 11
32 149 150 209 245
17 1 48 18 130 22 100 26
28 85 49 73 35 39 80 70 51
118 11 137
245 55 246 252 253 41
143 56 146 10 149 150 168 3
139 12 143
197 198 247 250 24 40
117 3 118 132 74 164 39 49
6 16 17 2 18 89 28 32 75 35
56 133 139 36 53 143 31 144 146
177 181 51 55 245 246 7 22
113 32 64 117 1
34 255 18 256
132 21 28 72 73 133 37 44
133 12 28 143 144 32 191 245 9
18 86 143 144
32 24 36 35 18 37 69
245
62
47 51 55
247 248 41 42 253 23 29 259
78 2 79 110 118 134 139
170
40 27 37 44 41
12
15 35 11 36 44 245 33 38 246
187 189 190 245 38 59 246
195 250 11 253 25
246 253 27 267
23 8 39 58 9
181 63 245 44 47
118 66 119 120 133
29 30 252 16 253 33 254 24 27 42
16 47 110 113
247 33 253 38 40
91 22 28 77 81 23 68 72
44 46 167 184 189 13 245 9
1 33
143 144 48 145 168 33 245
45 40 26 13 41
21 247
113 29 59 117 30 118
98 102 253 72 269
17 3 33 23 20 24 34 26 25 31
27 30 8 1
80 117 39 132
245 31 39 246 16 247 255 47
17 23 37 65 18 111 19 26
37 20 53 41 71 79 19 110
247 50 52 249 120 253 60 91 97 259
245 51 90 246 3 250 40 45
250 253 255
11 24 19 18 22 12
19 28 34 20 26 4 25 27
26 7 13
45 40 26 13 41 46 53 112 12
18 47 142 23 24 106 131 26 78 27
44 78 79
284
108 40 109 110 19 117 1
37 41 143
32 35 36 74 34 78 79 134
117 41 133 82 135 47 139
20 23 148 155 26
150 209
15 27 36 39 33 62 41
13 31 95 14 10 30 17 1 18 105
63 110 41 117 118
5 37 110 45 56
144
35 53 59 78 46 79 110 11 113 32
169 42 57
139 11 143 144 46
132 65 66 139 143 62 144 53 68 164
98 184 73 189 191 99 134 209 245
112 43 54 114 117 30 118 121
118 13 120 61 132 62 143
40 26 38 27 55
5
146 15 150 18 173 180 19
34
13 30 44 253 48
10
133 45 77 143 7 41 78
23 21 40 10 20 51 12 19
55 17 1 18 69
45
246 14 247 253
3 44 64
191 45 193 32 194 245
108 109 51 114 7 12 117 1
6 9 53
74 17 25 75
149 150 245 21 45 48 249 42 253 34
36 106 69 88 102 57 78 14 58 79
10
24 18 82 71 26 27
4
63 34
44 49 246 16 23 248 36
75 144 153
28 72 10 73 76 11 22 34 17 35
35 45 36
69 23 70
22 50 53 4 114 117 118
51 52 60 62 17 4 20 33
106 10 47 103
35 76 78 79 110 67 99 117 23
74 113
