12723 12731 12767 12771 12815 12827
47261 47265 47687 47703 48575 48635
12331 12335 12343 12347 12351 12355
18643 18647 18651 18655 18659 18663
18619 18643 18775 18831 18855 18863
18443 18511 18599 18695 18723 18767
12399 12403 12407 12411 12415 12419
10311 12483 12487 12627 12703 12875
12875 12879 12891 12895 12899 12903
18535 18539 18543 18547 18551 18555
12679 12683 12687 12691 12695 12703
34913 34917 34929 47253 47257 47261
12691 12695 12703 54645 54653 54661
10303 10307 12523 12631 12779 12823
12415 12419 12423 12427 12431 12435
10841 10881 12551 12747 12775 18787
10311 12483 12487 12575 12703 12875
12327 12331 12335 12343 12347 12351
10335 12483 12495 12627 12679 12843
12895 12899 12903 32201 32205 32209
12519 12583 12595 12711 18643 18707
12803 12807 12823 12835 12839 12843
54649 54653 54657 54665 54669 54673
10307 12323 12611 12615 12679 12755
12687 12695 12703 12735 12759 12779
33445 33449 33453 33457 33465 33469
34905 34909 34913 34917 34921 34925
10335 10339 12487 12607 12611 12691
10893 12411 18879 34913 47273 47277
12895 32205 32209 32221 34885 34889
12715 12719 12735 12739 12743 12759
33453 33457 33465 33469 35149 35153
12671 12679 12683 12735 12743 12763
10881 12343 12355 12483 12487 12711
12647 12651 12795 12891 12895 12899
34889 34893 34897 34901 34905 34909
47289 47953 47957 47961 48675 48687
33425 33449 33461 34889 34897 54653
10311 10315 12607 12627 12691 12695
12487 12555 12571 12575 12703 12875
12487 12571 12703 12763 12875 18475
12299 12431 12471 12475 12659 12675
10877 12339 12407 12411 12483 12515
12647 12651 12655 12691 12819 18523
10295 10307 10311 10315 34893 34905
12695 12755 12759 12763 12779 12795
12667 12723 12795 12831 12867 33429
12703 12751 12755 12895 18427 18499
33425 33429 33433 33437 33441 33445
12399 12407 12411 12447 12507 12511
12715 12723 18447 18619 18691 18815
12439 12451 12515 12519 12743 12747
12735 12739 12743 12759 12779 12787
12727 18839 54653 54657 54661 54665
10311 12479 12483 12487 12655 12759
12683 12695 12703 12795 12807 12867
18655 18659 18663 18671 18675 18679
10307 12695 12755 12759 12763 12779
35157 35169 35177 35181 35185 35213
10889 10893 12323 12327 12331 12335
10295 10307 12463 12655 12795 12799
10331 10335 10339 10343 10829 10833
10865 12479 12523 12527 12531 12627
12523 12539 12611 12691 18499 30319
18599 18603 18683 18787 18811 18815
18443 18447 18451 18459 18551 18555
33469 34889 34901 34905 34909 34913
12675 12719 12723 12727 12751 12755
12723 12819 12827 12895 12907 33433
35149 35153 35157 35161 35165 35169
47945 47949 47961 47965 47969 47973
12463 12487 12795 12819 12831 54653
10841 12547 32221 47265 47269 47277
12691 12827 12895 33425 33429 33449
34913 34917 34921 34925 34929 35149
12547 12579 18871 18875 18879 48663
10291 10295 10307 10311 10315 10335
10303 10307 12603 12795 12891 34889
12687 12691 12703 12763 12779 12883
18547 18619 18663 18855 18863 20807
12451 12459 12463 12467 12471 12475
18515 18527 18871 18875 18879 18883
12779 12847 12855 12887 33449 33461
12459 12467 12491 12515 12567 12663
12867 12899 18631 18643 33453 33469
10307 10315 10857 10861 10865 12743
12751 18471 18499 18507 18547 18787
10303 12467 12479 12495 12683 12691
34889 34893 34897 48707 48711 51937
10829 10849 10861 12343 12355 12371
10881 12459 12463 12467 12471 12475
18619 18743 18747 18751 18755 18759
32209 32213 33429 33433 33437 33441
12551 12555 12559 34921 34925 34929
10339 12487 12571 12703 32213 33449
33449 34885 34893 34897 52957 52965
10295 10311 10315 10335 12715 12815
12907 18879 35185 47249 48675 48687
12795 12819 12831 32197 32205 32213
10295 10299 10307 10311 10315 12479
12483 12667 32201 32213 34893 34897
35181 35185 35189 35193 35197 35201
10295 10303 10307 12667 33469 46293
12395 12399 12403 12407 12411 12419
12527 12531 12603 12611 12621 12631
12411 12419 12431 12435 12443 12447
12571 12575 12703 12875 32213 34893
12875 12899 18431 18487 18507 18523
12547 12551 12559 12567 12571 12575
18595 18599 18611 18619 18627 18663
18567 18603 18615 18647 18671 18695
12783 34929 47961 48675 48687 56607
12695 12703 32201 32205 32213 33469
12595 18631 18635 18707 33437 33441
12547 12551 12555 12559 12579 12583
47961 47965 56603 56627 56631 56691
35153 35173 47261 47265 47269 47277
12735 12759 32201 32205 32209 32213
10877 12711 35213 47949 47953 47957
34885 34893 54645 54653 54657 54669
12327 12331 12335 12339 12343 12347
35177 35181 35185 35189 35193 35197
10315 10331 12895 18527 33449 33469
12799 12803 12807 12823 12827 12831
10303 12691 12871 32205 33425 48707
18599 18603 18611 18615 18619 18627
12491 12683 12691 12695 12743 12763
12479 12483 12487 12571 12695 12703
12855 12871 12879 12891 12895 12907
12411 47953 47957 56635 56639 56647
10877 12343 12355 12547 12559 47257
12371 12423 12479 12523 12527 12531
10869 12695 12735 12743 12755 12763
12571 12575 12579 12587 12591 18515
12355 12367 12371 12375 12395 12399
10307 10331 12467 12523 12535 12539
18555 18559 18563 18567 18571 18583
12631 12711 12763 12779 12831 32197
12759 12763 12779 18467 18471 18499
10295 10307 10311 12679 12735 12739
10295 10307 10311 10315 12571 12611
18451 18535 18555 18559 18563 18683
12411 35209 48639 48643 48679 48691
10303 10307 10311 10315 10319 10331
18447 18451 18459 18539 18543 18547
10307 10311 10315 12621 12751 12759
12483 12487 12695 12703 12831 32205
32213 32217 32221 33425 33429 33433
10307 10311 10315 12607 12627 12691
12695 12703 12875 18831 32201 32213
18655 18659 18663 18671 18675 18679
18479 18483 18511 18527 18675 18703
12795 12819 18439 18551 18563 18575
18507 18523 18555 18559 18563 18599
10339 12479 12483 12487 12523 12571
33437 33449 33465 33469 34885 34889
12735 12739 12743 12771 34885 34889
10307 10311 12621 12627 12663 12667
12703 12751 12755 12895 18427 18499
12407 35185 47953 47965 48651 48655
12663 12667 12671 12683 12687 12691
12795 12823 12907 30319 32197 48711
12835 12839 12843 12859 12875 12883
54661 54669 54673 54677 54681 54685
10295 10311 12403 12483 12715 12731
10857 10861 12679 12695 12779 12831
12723 12727 12739 12747 12759 12771
12435 12443 12447 12451 12459 12463
12691 12695 12703 12735 12739 12743
12595 18499 18811 35149 35153 35157
12403 12443 35189 35193 35197 35201
12483 12487 12547 12551 12555 12563
12827 12855 12887 32197 32205 32209
10335 10339 12483 12487 12663 12679
12687 12691 12695 12895 33449 33469
33449 33453 33457 33465 33469 46293
10307 10311 12483 12487 12571 12679
18439 18475 18527 18547 18595 18691
10311 12403 12411 12439 12447 12451
12559 35185 47285 47289 47293 47957
12819 12823 12867 12895 12907 32201
12827 12831 12875 12895 33449 33453
34925 34929 35149 35153 35157 35161
12407 12411 12419 12431 12435 12443
12703 12711 12715 12719 12723 12727
12763 12767 12771 12775 32213 34913
12631 12715 12719 12735 12739 12743
10311 10315 12483 12487 18459 18855
12503 12531 12535 12695 12863 32209
12627 12663 12667 12827 12831 12895
35165 35169 35177 35181 35185 35189
12827 12831 12895 18831 32197 32201
10319 12739 34889 34893 34897 34901
12831 32209 48707 48711 52973 54645
33449 33453 33457 33465 33469 34889
12475 12483 12487 12491 12495 12523
33433 33437 33449 33453 33465 33469
12487 12575 12703 12875 32213 34893
12651 12655 12691 12695 12703 12815
12755 12771 18499 34921 34925 34929
47687 47945 47973 48663 48667 48675
18651 18655 18659 18663 35149 35181
12343 12659 12663 12675 12887 35177
10311 12483 12487 12579 32205 32213
12523 12527 12535 12539 12559 12621
12739 12743 12763 12771 12787 32201
12663 12691 12695 12703 12743 12763
34901 34921 34925 34929 46281 46285
12643 12647 12655 12659 12667 18423
10299 12351 12515 12519 12567 12795
10311 10315 12687 12691 12703 12727
18671 18683 18691 18695 18703 18707
12871 12875 12879 12883 12887 12891
10841 10877 12323 12331 12407 18703
34913 35185 47293 48655 48659 48663
10307 10311 12603 12611 12621 12635
12875 12899 18431 18487 18507 18523
18447 18523 18547 18619 18675 18707
33457 52941 52945 52949 52953 52973
12611 12621 12711 12715 12723 12727
12483 12487 12703 12723 12735 12743
33441 33445 33449 33453 33465 33469
10893 12491 12663 12667 12843 12855
10291 10299 12527 12535 12655 12679
12895 18423 18547 18855 33453 33469
10295 10303 10311 10857 10861 10865
12595 12715 12719 12747 12783 12827
12459 12479 12491 12523 12527 12531
12479 12743 12763 12779 33469 48711
12647 12659 12671 12675 12695 12699
12631 12643 12647 12651 12659 12663
10829 12471 12475 12719 12807 12823
12883 12887 12891 12895 12899 12903
12439 12447 12451 12463 12479 12483
12787 12795 12819 12831 12855 12871
12483 12487 12559 12567 12591 12687
12679 12683 12695 12703 12795 12815
12487 12491 12495 12683 12687 12691
18475 18499 18511 18595 18671 18675
18815 47945 47949 47953 47957 48663
12879 12883 12887 12891 12895 12899
12807 12815 12827 12875 12895 32213
10339 12483 12575 12695 12703 32221
35165 35169 35173 35177 35181 35185
12595 12679 12683 12687 12691 12695
10295 10299 10307 10311 10315 12795
12611 12735 12755 12759 12767 12771
12687 12691 12783 12835 12839 12847
35161 35165 35169 35177 35181 35185
47953 47957 47965 48639 48643 48651
12479 12487 12663 12667 12771 12775
18551 18603 18635 18707 18787 18879
12819 12827 12831 12875 12895 32201
12411 12431 12495 12643 12663 12859
12667 12735 12755 12767 12771 32201
12487 12643 12647 12691 12703 12795
12463 12467 12471 12475 12483 12487
10311 12479 12483 12611 12723 12731
18543 18547 18551 18555 18559 18563
12743 12759 12763 30251 30255 48707
12867 12875 12895 12907 33429 33433
12655 12663 12667 12671 12819 12835
12487 32201 32205 32213 32221 35153
33437 33449 33453 33465 33469 46289
12695 12795 12831 12835 12871 12875
10837 12471 12475 12659 12859 12883
12783 12787 18423 18527 18547 18695
34901 34905 34921 34925 47945 47949
12627 12679 12683 33433 33469 34901
18551 18555 18559 18563 18567 18571
47249 47253 47257 47269 47273 47293
18483 18815 34909 47289 47953 47957
18527 18691 18695 18703 18707 18731
12899 12903 18795 18799 33449 33469
12627 12679 12691 12695 12783 12815
12459 12463 12467 12491 12495 12523
12735 12739 12743 12759 12783 12787
32205 32221 33425 33429 33433 33437
12659 12887 18479 32217 33433 33453
18567 18571 18583 18587 18595 18599
56061 56065 56069 56073 56077 56081
12551 12567 12627 12655 12691 12695
10311 12479 12483 12487 12615 12759
12475 12483 12487 12491 12495 12523
10295 10307 12479 12627 12695 12855
12603 12611 12621 12735 12739 12759
12651 12667 12683 12691 12823 12843
34893 34897 34901 34905 34909 34913
12447 12519 18427 18447 18587 18635
10849 10853 10857 10861 10865 12299
12723 12727 12731 12735 12739 12743
12703 12843 12855 12871 12875 12879
12491 12559 12643 12659 12887 18479
12483 12487 12571 12575 12827 12875
10303 10865 12603 12611 12621 12735
12831 12835 12839 12847 12851 12855
18543 18547 18551 18555 18559 18563
10307 10311 10315 12463 12487 12491
35149 35153 35157 35161 35165 35169
10295 10303 12631 12655 12679 12695
12855 12859 12883 12891 12895 12903
12495 12679 12827 12875 12895 48707
18811 18815 18879 34913 34921 34925
18587 18595 18599 18603 18611 18615
12491 12531 12535 12567 12663 12667
12419 12423 12431 12435 12439 12443
35149 35153 35157 35161 35165 35169
12859 12863 12867 12871 12875 12879
48663 48671 48683 48687 48691 48695
12615 35213 48675 48679 48707 51227
12663 12667 12671 12683 12687 12691
12775 18487 18871 18875 18879 18883
33453 33465 34889 34901 34905 48711
12491 12495 12607 12611 12615 12621
12431 12435 12443 12447 12451 12459
34925 34929 35149 35153 35157 35161
12831 12835 12839 12847 12851 12855
35161 35165 35169 35173 35177 35181
18571 18583 18587 18595 18599 18603
18747 18751 18755 18759 18763 18767
18507 18523 18539 18543 18547 18551
12691 12695 12703 12795 12799 12803
12487 12663 12679 12703 12875 32213
12659 12687 12723 12735 12739 12751
18807 18811 18819 47261 47293 48659
12759 12855 32205 32213 32217 32221
10315 12463 12487 12691 12819 32201
10295 10327 12663 12759 12763 33469
12435 12443 12447 12451 33425 33429
12703 12755 12767 12895 32209 32213
10315 12463 12487 12527 12655 12679
12767 12771 12775 12779 12787 12815
12827 12895 52425 54653 54657 54673
10861 10865 12299 12343 12355 12367
33441 33445 33449 33457 33465 34905
12535 12539 12627 12715 12743 12779
18479 18483 18511 18695 18787 18871
12535 12627 12679 12683 12691 12819
12483 12487 12663 12667 12875 12895
12483 12487 12523 12571 12627 12663
47281 47285 47289 48639 48667 48675
12419 12431 12435 12443 34929 47253
12563 12579 12595 18547 18787 35149
10295 32201 32205 32213 32217 33433
18571 18583 18587 18595 18599 18603
18539 18543 18547 18551 18555 18559
12451 12459 12463 12467 12471 12475
12567 12687 12691 12795 12819 12871
33425 33429 33433 33437 33441 33445
12451 12621 12695 12727 12819 12823
12511 12627 12683 12695 12699 18547
10295 10307 10315 12483 12663 12691
12471 12655 12815 12859 12883 12887
12447 12451 12621 12747 12751 12755
12483 12487 12495 12503 12511 12515
47281 47285 47289 47293 48659 48663
30283 30327 54645 54657 54669 54673
12487 12607 12611 12691 12695 12711
33429 33437 33441 33445 33449 33469
10311 10315 12483 12487 12571 12575
12415 12419 12431 12435 12439 12443
32201 32205 32209 33433 34889 34901
12691 12803 12819 12823 12827 12831
12715 12727 12755 12759 12771 12779
33433 33453 33465 34897 34901 34905
10865 12479 12495 12527 12603 12607
10299 10307 10311 10315 10339 32205
10299 10303 10307 12523 12631 12779
18447 18587 18635 18647 18743 18863
35181 35185 35189 35193 35197 35201
12699 12703 12819 18547 18595 18707
18423 18447 18523 18603 33429 33433
18831 32201 33433 33453 33457 46289
18747 18751 18755 18759 18763 18767
10861 10865 12463 12479 12647 12687
12819 12823 12831 12867 12895 12907
18707 18715 32213 32217 34929 54653
10295 10299 10307 10311 10315 10319
10307 12735 12739 12743 12755 12759
10327 10331 12483 32201 32213 33469
12527 12535 12603 12627 12631 12735
18603 18611 18615 18619 18627 18631
12403 12463 12487 12621 12691 12695
12695 12703 12711 12723 12727 12755
12719 12723 12727 12731 12735 12739
12843 12871 33425 33449 34885 34897
12663 12683 12687 12691 12695 12783
35165 35169 35177 35181 35185 35189
30255 32201 32209 48707 54657 54665
18863 18871 18875 18879 18883 20807
18659 18671 18675 18679 18683 18691
12559 12571 12575 12895 32213 54661
33449 33453 33465 33469 46281 46289
12575 12579 12583 12587 12591 12595
12621 12627 12631 12691 12703 12711
30323 32197 32201 32205 32213 51929
12611 12621 12655 12691 12695 32201
18555 18559 18563 18567 18571 18583
12875 12879 12883 12887 12891 12895
12463 12663 12679 12807 12831 12895
12607 12775 18543 18587 18707 18787
12483 12711 12719 18479 18483 18871
12667 12671 12679 12683 12687 12691
12627 12643 12647 12651 12663 12667
10295 10307 10311 10315 10331 10339
12483 12487 12621 12703 32201 32205
12487 12621 12643 12679 12683 12695
35161 35165 35169 35177 35181 35185
12547 12551 12555 12559 12563 12567
10295 10299 10307 10311 10833 10869
12575 12621 12695 12703 32213 33449
10295 10307 10311 10315 12479 12495
12339 12347 12387 12407 12507 35185
18423 18427 18431 18439 18443 18447
12823 12839 12851 12867 12879 12891
12487 12491 12495 12607 12611 12615
35197 35201 35205 35209 46281 46285
12819 12823 12831 12867 12871 12907
18431 18439 18443 18447 18451 18459
18675 18679 18683 18743 18747 18751
10303 10857 10861 10865 12711 12719
10833 12355 12795 12875 33449 33469
12563 12571 12575 12579 12587 12591
12875 12895 32201 32205 32213 33449
18451 18459 18539 18543 18547 18551
18627 18631 18635 18639 18643 18647
48663 48667 48671 48675 48679 48687
12463 12487 12491 12495 12621 12627
10335 12459 12463 12467 12491 12495
12703 12871 12903 33425 33429 33437
12759 12795 12803 12815 12827 12855
10311 35149 35157 35177 35181 35185
12439 12447 12451 18483 35213 48575
12675 48643 48647 48663 48667 48675
12883 12887 12891 12895 12899 12903
12715 12723 12727 12731 12743 12759
10311 10315 12495 12715 12723 12759
10303 10307 10315 10327 10331 12467
10307 10327 12479 12527 12535 12679
12683 12703 12823 12875 32213 46281
12491 12495 12523 12527 12531 12679
12431 12551 12567 18483 18787 18807
32205 33429 33449 33469 34885 34889
12783 12787 18427 18443 18447 18551
33437 33449 33453 33465 34889 34901
34897 34905 48707 54645 54665 54669
12631 32197 32201 32205 32209 32213
12431 12435 12443 12447 12451 12459
33433 33437 33441 33453 33465 33469
10295 10299 10307 10311 10327 12479
12399 12403 12407 12411 12419 12431
12335 12431 12547 12559 12563 12903
18683 18787 18811 18879 20807 34893
10295 10315 12527 12531 12627 12683
12727 12731 12743 12759 12763 12815
18599 18603 18611 18615 18619 18627
12611 12679 12703 12763 12895 18831
10299 10303 10307 10311 10315 10319
12751 12759 12767 12771 12775 12779
12335 12339 12355 12475 12603 12607
10295 10299 10307 10327 12679 12819
10845 10877 12591 34913 34929 35177
47945 47949 47953 47957 47961 47965
35177 35189 35193 35197 35201 35205
12467 12483 12647 12655 12735 12759
12483 12815 12827 12895 54653 54669
18499 18575 18587 18811 18815 18819
12411 18879 34913 47273 47277 48683
12875 12891 12895 33437 48679 48707
12563 12567 12571 12575 12587 12595
12555 12563 12567 12571 12575 12735
12615 12621 12627 12631 12635 12643
12827 12831 12835 12839 12847 12851
56069 56073 56093 56097 56373 56377
10335 10339 12479 12483 12571 12575
12347 12387 12407 12507 35185 35213
10327 12539 12723 33449 33461 54673
12691 12695 12795 12831 33449 34885
12667 12671 12783 12839 18619 20807
18507 18563 18599 18603 18675 47945
12667 12679 12683 12687 12695 12703
10881 12463 12467 12471 12483 12487
10315 10339 12535 12763 12795 12819
12527 12531 12535 12575 12803 12827
33437 33453 34885 34889 34897 34901
12621 12715 12727 12755 12759 12771
10335 10339 12735 12759 12763 18411
12831 18631 18735 18863 32205 33449
10311 10315 10335 12487 12571 12703
12719 12723 12727 12731 12747 12751
12887 12891 12895 12899 12907 33433
12819 12831 12895 33433 33449 33469
12687 12691 12783 12835 12839 12847
33437 33441 33445 33449 33453 33457
12703 33425 33429 33449 33469 34885
12483 12487 12491 12495 12559 12663
12403 12407 12411 12415 12419 12431
12643 12659 12663 12675 12679 12687
12831 18599 18831 33433 33453 33465
33425 33429 33449 33461 34885 34889
12855 12875 33425 33429 34885 34893
12771 18423 18427 18447 18459 18855
32201 32205 32209 32213 32217 32221
10307 10327 10335 12463 12479 12643
12875 33433 33437 33449 33453 33465
10861 10865 12483 12487 12495 12527
12621 12783 34909 34917 34921 34925
10311 10315 10335 12535 12539 12631
12775 12787 12843 12847 12859 12883
18847 18855 18863 18871 18875 18879
12691 12723 12731 12871 33429 35205
12759 12795 12815 12827 12847 12895
12439 12447 12451 12503 12515 12519
12823 12843 12851 12855 12883 12891
10307 12751 12779 12783 12787 12819
10877 12339 12347 12355 12363 12551
12779 12783 12815 12827 12895 18723
10315 12695 12715 12739 12755 12771
12683 12739 12747 12751 12759 12895
12683 12695 12703 12847 32205 32213
18567 18595 18599 18603 18611 18615
18563 18567 18571 18575 18579 18583
10327 12679 12683 12695 12703 12831
10307 10311 10315 12559 12567 12627
12851 12855 12895 12903 12907 18519
10315 12479 12483 12487 12495 12827
12683 12695 12703 12815 12831 12875
12607 12703 12875 32205 32213 34893
34893 34897 34901 34905 34909 34913
18663 18671 18675 18679 18683 18743
12903 12907 18439 18583 18595 18727
18631 18635 18639 18643 18647 18651
18559 18563 18567 18571 18583 18587
10311 10315 12483 12487 18459 18855
10307 12679 12683 12695 12703 12895
35181 35185 35189 35193 35197 35201
12767 12771 12815 12827 12895 33429
12679 12843 12871 12895 18527 18691
35165 35169 35177 35181 35185 35189
18555 18559 18563 18567 18571 18579
12355 12367 12371 12375 12395 12399
34889 34901 34905 52953 52973 52977
12751 12755 12759 12763 12767 12771
12667 12675 12831 12847 12855 12887
12375 12395 12399 12403 12407 12411
12771 12779 12843 12895 32209 48707
47949 47953 47957 47965 48639 48643
10311 10315 12827 12895 33449 33469
12659 12711 12715 12723 18871 18879
12531 12535 12539 12647 12651 12655
12531 12647 12655 12663 12667 12683
12487 12515 12559 12571 12575 12895
10829 10833 10837 10849 10853 10857
12463 12487 12621 12691 12695 12703
12355 12367 12371 12375 12395 12399
12827 12831 12895 52957 52961 52965
12691 12831 12855 33425 33429 33449
18707 18715 18747 18755 18763 18767
10311 10315 12487 12627 12647 12655
12575 12711 12715 12731 47953 47957
18671 48655 48659 48663 48667 48671
12487 12703 12711 12839 12875 12879
12621 12627 12655 12695 12703 12755
10295 10303 10311 12479 12483 12487
10865 33425 33429 33433 33437 33441
12683 12691 12695 12703 12831 33465
18527 18675 18703 18715 18787 18871
32197 33433 33437 33441 33449 33453
10865 12483 12607 12611 12615 12635
12679 12683 12703 12807 12819 12823
12695 12703 12759 12827 12875 32197
12631 12743 12747 33453 48707 54673
10841 10849 10877 12347 12355 12371
18707 18711 18715 18719 18723 18727
12663 12667 12715 12739 12763 12779
12651 12659 12663 12667 12679 12683
12579 12583 12835 12839 12843 12847
34905 34909 34913 34917 34921 34925
18763 18767 33425 33429 33433 33437
33437 33453 33465 33469 34889 46285
12751 12771 18423 18639 18651 18831
33441 33445 33449 33453 33457 33465
12627 12679 12683 12687 12691 12695
10307 10311 10315 12483 12487 12559
10311 12687 12691 12703 12835 12839
32213 33433 33449 33453 33461 34885
18707 18787 34889 34897 34901 34913
12715 12723 12767 12779 12795 12803
33445 33449 33453 33465 33469 46281
12679 12687 12715 12719 12723 12727
10295 10299 10303 10307 12735 12739
10343 10829 10833 10837 10841 10845
10315 12621 12815 12875 12895 18691
12703 12795 12799 12803 12807 12823
48639 48643 48651 48663 48667 48671
10311 10331 10335 10339 12483 12487
12483 12487 12571 12575 12703 12875
10295 10311 10315 10335 12695 12703
12299 34913 35185 47293 48655 48659
10311 12339 12451 18723 18831 20807
30327 32205 32213 32221 33429 33433
10307 12483 12875 18619 18795 18799
10315 12479 12483 12487 12571 12695
12479 12483 12531 12627 12643 12647
12895 32201 33433 33453 33457 34889
12621 12751 12759 12771 33433 33437
35181 35185 47293 47957 48659 48663
12663 33425 33449 33469 34885 46281
12527 12627 12663 12667 12683 12687
47265 47269 47277 47281 47285 47289
12299 12355 12367 12439 12479 12495
30311 30315 30323 54649 54661 54665
12487 12571 12695 12703 12755 12767
12467 12491 12495 12523 12567 12663
18535 18539 18543 18547 18551 18555
10303 10861 12763 32197 32201 32205
18559 18563 18567 18571 18583 18587
12531 12627 12631 12655 12683 12687
12739 12771 12795 12803 12819 12831
10299 10307 10311 33433 33453 33469
12339 12347 12387 12407 12411 12591
12679 12827 12895 18427 18691 18795
12559 34889 34901 34909 35181 48659
12615 12621 12643 12715 12719 12723
12479 12483 12487 12495 12503 12511
18543 18575 18611 18619 18643 18775
12687 12875 18879 34889 34893 34901
34885 34889 34893 34901 34905 46293
10295 12691 32201 32205 34885 34897
18587 18595 18599 18603 18671 18675
12683 12691 12695 12703 12759 32197
12327 12331 12335 12339 12347 12351
33429 33433 33437 33441 33445 33449
18595 18599 18603 18611 18615 18619
12531 12535 12567 12663 12667 12823
18447 18451 18459 18539 18543 18547
10291 10299 10307 10311 10315 10829
12691 12819 18559 18583 18603 18787
10299 10303 10307 10861 10865 12463
12831 12859 12875 12883 12887 12899
32209 33425 33429 33449 34885 48707
12531 12655 12663 12667 12683 12691
12827 12831 12835 12839 12847 12851
12739 12771 12795 12803 12807 12815
12831 12855 12871 12879 12891 33465
18419 18423 18427 18431 18439 18443
12611 12739 12743 12755 12771 12779
18599 18603 18611 18615 18619 18627
12527 12539 12679 12683 12739 12763
12823 18691 18719 18755 18759 18795
10295 10303 10307 10311 12479 12483
10307 12607 12615 12747 12755 12775
12663 12667 12675 12679 12683 12687
12479 12523 12527 12531 12627 12631
10295 10299 10307 10311 10315 12679
12703 12711 12715 12719 12723 12727
12743 12759 12763 12771 12779 12875
10303 10307 10315 10327 10833 12459
12535 12539 12631 12647 12651 12655
12439 12507 12511 12679 12823 12887
12607 12627 12655 12695 12723 12727
12831 12855 12871 33425 33429 34885
33469 34917 34921 34925 34929 35149
12715 12759 12771 12775 12875 12895
12843 12875 12895 33425 34885 34897
12695 12819 12823 12907 32213 33465
12447 12451 12621 12695 12727 12819
33453 33457 33465 33469 34885 34889
10315 12487 12571 12575 12695 12703
12839 12863 12867 12891 12895 12899
12647 12651 12655 12727 12767 18831
12487 12695 12703 18839 32213 32221
35157 35161 35169 35173 35181 35185
12779 12887 47249 47285 47289 48659
12467 12491 12523 12527 12531 12607
12827 12855 12871 12879 12895 33425
10315 10319 10331 10335 10339 12463
18675 18679 18723 18787 18871 18875
10295 10307 12679 12683 12695 12703
12611 12615 12621 12767 12887 18599
10295 12631 12691 12843 12871 12903
34889 34893 34897 34901 34905 51937
12631 12635 12695 12703 12759 12795
10307 10311 12459 12523 12663 12687
12591 12663 12667 12671 12831 12835
35169 35177 35181 35185 35189 35193
10311 10849 12339 12463 12479 12487
12419 12579 12591 12607 12621 12775
12355 12719 12723 18691 18727 18787
12683 12695 12703 12735 12755 12759
10861 12603 12621 12631 12743 12747
12827 12879 12903 32197 32205 32209
12603 12627 12631 12735 12759 12763
18755 18759 18763 18767 33425 33429
12431 12471 12475 12659 12675 35213
32201 32205 32213 32217 33425 33429
12475 12483 12487 12491 12495 12523
10303 10849 10857 10861 10865 32197
33445 33449 33453 33457 33465 33469
10303 10857 10861 10865 12631 12691
10295 10303 12631 12655 12679 12695
12875 12895 32201 32205 32209 33449
12531 12547 12551 12555 12559 12563
12487 12491 12495 12523 12527 12531
12779 12783 12787 18499 18683 48695
10315 10331 12483 12571 12703 32213
12439 12447 12451 18483 35213 48575
12615 12679 12755 12767 12771 18423
12679 12683 12691 12695 12703 18715
10829 10833 10849 10853 10857 10861
18419 18423 18427 18431 18439 18443
10299 10307 12539 12695 33425 33461
12483 12487 12491 12495 12511 12515
12703 12875 12895 33429 33433 33437
12507 12747 12783 35213 47687 47703
10299 10307 10311 12655 12823 32201
10841 10845 12339 12347 12471 12475
12715 12719 12731 12739 12747 12759
12651 12655 12659 12663 12667 12671
12803 12859 12863 12867 12875 12879
12819 12831 18459 18675 18691 18695
12831 12835 12847 12875 12895 33433
12823 12831 18631 18735 18863 32205
12687 33429 33433 33449 33469 34893
10861 12351 12355 12555 12559 12591
12607 12611 12615 12621 12627 12631
18611 18615 18619 18627 18631 18635
18575 18579 18583 18587 18743 18747
12621 12711 12727 18871 18883 47285
10315 10335 12479 12483 12487 12495
34909 34913 34917 34921 34925 34929
12743 12871 12879 12895 12903 32197
33441 33445 33449 33453 33457 33461
12651 12679 12695 12703 12827 12831
12351 12355 12431 12471 12475 12487
10307 12571 12583 12663 12667 12671
12491 12531 12679 12683 12823 18547
18443 18447 18543 18551 18595 18619
12479 12495 12679 12683 12827 12831
10865 12679 12683 12735 12755 12759
12823 12827 12831 12835 12839 12847
12683 12687 12691 12735 12739 12743
12595 12647 12663 12679 12687 12747
33429 33433 33437 33441 33445 33449
10291 10303 10307 10327 12523 12527
10299 10307 10327 12535 12539 12635
10857 10865 10877 12743 12763 12871
12367 12371 12399 12403 12415 12419
10857 10861 12479 12487 12631 12695
12691 12695 12699 12703 12735 12739
12479 12487 12691 12755 12815 12827
12627 12715 12723 12727 12731 12743
18707 18711 18715 18719 18727 18847
18787 34921 34925 35153 35157 35161
18427 18547 32205 32209 33433 33449
12571 12703 32205 32213 34893 34897
10307 10331 12467 12523 12535 12539
18575 18579 18583 18587 18743 18747
12875 12895 33425 33429 33449 34885
12855 12875 12903 12907 33429 34897
12355 12371 12395 12483 12559 12567
10307 10327 10857 12527 12539 12679
10339 12483 12487 12607 12795 12819
33425 33433 33449 33453 33469 34889
12479 12679 12683 12695 12743 12763
12679 12683 12687 12695 12703 12711
33425 33429 33449 34885 34889 34901
10327 12527 12627 12683 12895 33449
12803 12807 12823 12827 12831 12835
33441 33445 33449 33453 33457 33465
35193 35201 35213 47949 48659 52957
12631 12643 12651 12663 12671 12683
10295 10299 10307 10311 12467 12527
12575 12695 12703 12875 32213 34893
12559 12563 12579 12583 12595 18499
10881 12327 12351 12355 12359 12547
12695 12703 32201 32205 32213 33433
18871 18883 33465 34905 35205 47949
12671 18431 18443 18447 18451 18487
12663 12667 12671 12683 12711 12715
12447 12451 12459 12463 12467 12471
33429 33433 33437 33449 33453 33465
12879 12903 32197 32205 32209 33429
12783 12831 33449 33469 34885 34889
34885 34889 34897 34901 34905 46281
12875 12879 12883 12887 12891 12895
12487 12555 12571 12575 12703 12875
18551 18567 18619 18639 18703 18707
10877 12371 12403 12407 12411 12419
48635 48639 48643 48647 48651 48655
12555 12575 12579 12591 12595 12783
12347 12355 12479 12483 12531 12551
12487 12491 12495 12539 12627 12667
12487 12491 12495 12523 12527 12531
12739 12743 12747 12751 12759 12763
12527 12531 12683 12687 12695 12703
35169 35177 35181 35185 35189 35193
12755 30267 30311 30315 30323 54653
12671 12687 12779 12799 12843 12879
12739 12743 12747 12751 12755 12759
33449 33453 33461 33465 52945 52957
12743 12755 12759 12763 12767 12775
12563 12571 12583 12587 12591 12621
35169 35177 35181 35185 35189 35193
12703 12711 12715 12719 12727 12735
12831 33433 33449 33453 33457 33465
18627 18631 18635 18639 18643 18647
18523 18751 18871 32201 32209 34897
12851 12855 12859 12863 12867 12871
12621 12627 12663 12675 12679 12687
18811 18815 18819 18827 18831 18839
12719 12723 12731 12735 12739 12743
33445 33449 33453 34885 34889 34893
12655 12815 12859 12883 12887 33445
12555 12723 12783 34909 34913 34929
10311 10315 10331 12487 12663 12679
12299 12323 12327 12331 12335 12339
10295 10307 10311 10315 10335 12463
12819 12827 12831 12835 12839 12843
12811 12819 12823 12831 12867 32201
12483 12495 12575 12703 12875 18563
12675 12679 12687 12715 12723 12727
18627 18631 18635 18639 18643 18647
12695 12703 12711 12715 12719 12723
10315 12487 12571 12695 12703 12723
12667 12671 12839 12843 12871 12879
12831 12895 52957 52961 52965 52969
12563 12579 12583 12719 18787 34897
12343 12355 12367 12371 12375 12395
10335 12663 12667 12671 12679 12827
12343 12355 12371 12375 12399 12403
10311 10315 10857 12487 12621 12627
10861 10865 12347 12355 12495 12627
12495 12523 12527 12531 12547 12551
10857 10861 12527 12535 12743 12755
12867 35161 35173 47265 47273 47277
34921 34925 34929 35149 35153 35157
12895 32213 33449 33461 52973 54653
10327 12759 12763 12779 12895 32209
10311 10315 12751 12755 12759 12775
32221 33433 33437 33453 33465 34901
12447 12487 12503 12515 18487 18871
33437 33441 33445 33449 33453 33457
12715 12875 32213 33433 34893 52965
34901 34905 34909 34913 34917 34921
18459 18539 18543 18547 18551 18555
18511 18523 18539 18543 18567 18635
12735 12759 12827 12895 30255 30311
12403 12431 12551 18707 18795 18871
12407 12519 18523 47945 47949 47957
18627 18631 18635 18671 18707 18795
12831 12867 12875 12895 34889 34901
10331 10335 12459 12463 12467 12491
12419 12423 47687 47945 48575 48643
18543 18547 18551 18555 18559 18563
10857 10861 10865 12299 12343 12355
12463 12487 12491 12523 12527 12683
12519 18427 18447 18587 18635 18647
12463 12475 12479 12483 12487 12899
12715 12759 12771 12775 12875 12895
10295 10307 12523 12671 12779 18831
12743 12759 12763 12771 12779 12875
12663 12667 12695 12703 12747 12751
12487 12571 12703 18431 18703 18727
12571 12575 12647 12651 12655 12691
12715 35169 35189 35193 35205 47957
10295 10315 12695 12703 33449 33469
12523 12527 12631 12695 12819 34889
18507 18511 18527 18683 18723 18787
33425 34885 34897 54645 54665 54673
33445 33449 33453 33469 34889 34893
12779 12855 30319 33425 33429 34885
12547 12555 12663 12751 12819 12823
10307 10311 10315 10335 12723 32197
10311 10315 10335 12627 12679 12683
12575 12579 12583 12587 12595 18439
10307 10327 12655 12695 12703 12795
10303 10861 12479 12819 12823 33433
12743 12759 32197 32201 32209 33449
12583 12679 12683 12687 12691 12695
10869 10877 10881 12331 12343 35177
10857 12627 12715 12747 12755 12763
10315 12679 12687 12695 33429 34897
12663 12855 12895 34885 34893 34897
10307 12643 12647 12651 12755 12847
12603 12611 12615 12621 12767 12887
12339 12347 12351 12407 12439 12507
10877 10881 12459 12463 12467 12471
34901 34905 46281 46285 46289 46293
18475 18879 32201 32205 32209 32213
12491 12531 12663 12667 12671 12783
34893 34897 34901 34905 34909 34913
33437 33441 33453 33457 33465 33469
12779 12831 32201 32205 33449 33453
12523 12527 12531 12535 12539 12575
12531 12679 12683 12687 12691 12695
18599 18603 18611 18615 18619 18627
12687 12691 12703 12795 12799 12803
12815 12819 12827 12831 12895 32197
12871 12895 12903 30295 32197 32205
18499 18507 18523 18555 18559 18563
12611 12621 12683 12743 12747 12755
12803 12815 12823 12827 12835 12843
12703 12759 12875 18787 32213 34893
12711 12715 12723 12727 12747 12751
10315 10829 10849 10857 10861 10865
10877 12551 35173 35177 47277 47957
10307 12483 12627 32205 32213 33425
12771 32201 32213 33437 33449 33465
18755 18759 18763 18767 33425 33429
47945 47949 47973 48663 48667 48675
12683 12687 12691 12695 12703 12795
12621 12811 33429 33437 33441 33465
12683 12695 12799 12871 12895 33449
12575 12703 32213 34893 48679 54661
33445 34885 34889 34897 34901 34905
12367 12371 12375 12395 12399 12403
12867 12871 12875 12879 12883 12887
34913 34917 34921 34925 34929 35149
18551 18555 18559 18563 18567 18571
35181 47249 47253 47257 47261 47265
12663 12787 35185 35213 47953 47957
12895 32197 32201 32205 32209 33429
12483 12487 12695 12739 12875 12895
12471 12515 12519 12659 33445 35185
18451 18459 18539 18543 18547 18551
33449 33453 33469 34889 34905 48707
12611 12635 12647 12651 12655 12735
10315 10857 12487 12621 12627 12703
12367 12371 12395 12399 12403 12407
12695 12743 12763 12779 12807 12815
10343 12483 12487 12715 12735 12739
12615 12621 12703 12747 12755 12767
10307 10311 10315 10331 10335 10339
12695 12699 12703 12735 12739 12743
12827 12831 12875 12895 32201 32213
12887 12891 12895 12899 12903 12907
12511 12515 12519 18423 18447 18523
35185 35189 35193 35197 35201 35205
18615 18619 18627 18631 18635 18639
18459 18595 18599 18603 18683 18743
18451 18487 18499 18507 18511 18515
12679 12715 33433 33437 33449 33453
18459 18619 18675 18767 18855 18863
12759 12763 12771 12779 12819 33449
35197 35201 35205 35209 46281 46285
12487 12495 12655 12667 12687 12691
35185 47257 47273 47277 47281 48655
12487 12571 12575 12663 12695 12703
18459 33433 33437 33441 33453 33465
18715 18727 18731 18767 18799 18855
12855 32201 32205 33469 34885 34889
12611 12615 12621 12627 12631 12635
12847 12851 12855 12883 12887 18419
10315 10829 10877 12351 12355 12403
10311 12487 12571 12703 32213 54661
10307 10311 10315 12299 12403 12463
10849 12463 12479 12567 12687 12691
12695 12823 12831 12895 12907 18511
10295 10303 10857 10861 10865 12739
10307 10311 12483 12621 12663 12679
12831 56631 56643 56651 60881 60897
12739 12779 12815 12823 12827 12855
12679 12683 12739 33449 34897 34905
12651 12655 12691 12695 12703 12723
12631 12695 12703 12895 32201 32205
10307 10311 10319 12715 12763 12779
12699 12703 12739 12743 12763 12779
12655 12683 12691 12695 12703 12763
18635 18639 18643 18647 18651 18655
12695 12703 12775 12815 12831 12895
12375 12399 12403 12603 12607 12611
18811 35213 47945 47973 48675 48679
12907 18647 35149 35201 35213 47253
33449 33469 34885 34889 34893 34901
10335 12567 12575 12579 12679 12683
12903 18467 18487 18499 18507 18523
12691 12807 12819 12823 12831 12867
12423 12427 12431 12435 12439 12443
10311 10315 12463 12487 12647 12655
35181 35185 35189 35193 35197 35201
12783 12787 18439 18683 18847 20807
10295 10315 10861 12643 12663 12679
10315 10335 12483 12487 12571 12621
12663 12695 12831 12895 33433 33449
10303 10315 12611 12679 12715 12779
12523 12527 12531 12539 12555 12603
12803 12807 12823 12827 12831 12835
10865 12855 12879 33429 33449 34885
10295 10299 10307 10311 10315 12463
12643 12647 12659 12663 12667 12671
12603 12607 12621 12723 12759 12779
18563 18567 18571 18583 18587 18595
12895 33425 33433 33449 33453 33469
12667 12671 12679 12683 12687 12691
12695 12703 12815 12827 12867 12895
12367 12371 12375 12395 12399 12403
10315 12523 12531 12679 12895 33449
10295 10299 10307 12407 12411 12463
18535 18579 18619 18635 18643 18655
