1481 135 77 866 148 667
4769 693 694 380 3658 2047
3394 5534 379 273 704 397
747 229 230 231 1130 2272
4392 5990 7857 2809 1960 15987
4747 4675 3390 2404 781 537
769 1600 688 232 1601 2045
1 6 818 73 3103 11051
482 2018 8963 1566 4614 1485
142 2404 260 281 1025 45
25 582 824 766 2038 257
1435 1436 1437 1438 1439 3864
6686 2181 2049 5233 18970 15651
296 303 4692 772 774 4674
1024 524 5048 3437 974 7
11 27 218 6 2342 512
27 6 5818 4244 215 20416
351 296 3692 4988 4962 303
368 1810 378 2050 697 273
364 512 1696 1698 1112 1700
8459 428 3724 5115 292 3409
5093 4833 4834 4835 4836 4837
1044 4761 3431 4564 6812 504
270 987 1 218 40 1489
3851 4895 3319 1007 4899 3669
863 153 154 845 1121 359
1389 1390 1391 1392 1393 1394
11 987 6 271 2025 42
6 3363 3483 19 3797 20
303 1541 1065 1544 1545 4787
2803 2804 50 51 205 2805
695 1470 3123 47 3 1069
9509 9510 4898 8445 9511 9512
136 967 1101 6000 446 4011
7599 7600 7601 7602 7603 7463
9196 2452 1069 702 2168 2169
9450 5603 7449 6233 715 5743
7272 1919 215 1801 3 205
11 27 6 83 278 934
4708 540 1536 360 541 4715
6 294 7 12469 87 2867
1237 1238 1239 1240 1254 1255
5906 11860 8181 8797 3 148
3458 2270 1709 234 235 1464
8698 29 600 1834 400 32
11524 90 7 77 737 534
239 2292 6810 3259 3762 2133
720 1037 848 3701 8270 6465
1646 228 604 523 373 46
1143 6 353 25 504 307
894 2124 140 142 5700 1610
1960 3162 4019 3170 276 897
1119 747 1691 229 364 25
1 218 6 5668 1807 1605
2204 2288 6430 1451 3661 1871
5756 731 3819 168 185 192
2039 4060 1132 90 782 3607
517 883 2973 894 5954 7811
1646 823 364 25 1857 3649
6 2059 4068 1048 1104 1049
4960 4561 4961 3257 55 254
4313 1813 847 2980 5710 730
148 452 788 3957 837 3959
2885 276 13524 13525 5204 5205
3121 2190 997 1653 969 970
9219 6566 4985 8659 3232 6767
254 2034 364 1692 512 231
27 1489 6 83 3 7
9560 4686 19 4988 4806 992
1691 25 1693 582 230 2951
3087 5975 3402 2220 6071 7170
83 5703 48 7050 7 134
4157 6872 3 662 136 663
4245 4246 4247 4248 4249 4250
967 1101 587 446 456 457
2266 231 158 4565 379 148
258 1520 294 865 321 787
11108 8858 833 1762 11273 19951
981 918 12628 5460 494 316
869 1484 9284 461 6470 464
13330 9566 4662 13698 14497 1868
4916 9459 4917 3416 1009 677
69 11786 3560 5405 11928 18740
520 90 521 522 12 504
6 4026 3385 1168 1116 303
49 890 2018 6092 470 137
1035 2130 371 775 4653 491
521 523 3603 379 273 5243
1885 2 215 2030 2072 1035
11899 388 3847 3638 737 148
11 484 1 6 3 3045
6 590 3 10461 815 11372
85 86 87 1140 1980 1868
1628 1807 366 232 1601 1113
302 2342 8020 546 247 138
1 6 138 254 3 64
2112 2113 2114 2115 2116 6117
217 218 6 303 83 3
7 4526 5479 399 400 32
2105 692 694 3801 1711 5014
2873 1034 1130 1607 2273 2971
2 3385 1168 824 230 2060
2326 269 11 6 5174 3
3910 1507 6256 925 1513 1068
5080 879 1140 2867 4238 5609
260 504 2217 2201 1166 697
1973 1974 1975 7424 1976 1977
582 3517 4980 3190 824 230
845 2177 254 1691 25 3800
1146 64 7 423 77 3378
218 6 55 142 2890 278
960 11451 2878 2416 2417 64
6 300 90 142 260 6811
2993 864 4565 3392 3348 2133
2644 2645 2646 2647 2648 2649
3820 424 136 148 4045 3045
1553 889 2013 278 7 1050
8428 6952 205 1502 3910 1507
331 332 333 334 335 336
659 660 7974 4015 3456 661
603 27 2086 40 659 665
260 281 1025 373 238 240
6 138 15013 504 273 3
1539 247 138 5102 255 764
19032 564 1142 2067 3145 1656
6 344 345 1741 7807 1018
86 87 135 77 8988 424
20 254 824 5673 797 5675
556 7939 6064 1043 6737 3257
940 531 290 737 3586 312
2251 5064 266 740 4930 1752
3881 7902 3276 1956 49 9608
1144 845 539 1536 363 229
7153 5973 998 7159 2878 2366
2135 2136 376 306 261 3520
11 1 6 4564 2159 294
2941 139 1030 775 90 239
852 3810 5389 644 3758 848
11 1802 27 1 218 314
6928 6930 6931 14634 6315 273
1124 3367 2155 1648 2274 4735
2453 914 915 2298 14 9760
3010 3011 3012 3013 2140 1721
799 1 6 139 296 254
1980 8120 8122 6848 942 148
954 133 1772 2331 7 49
32 85 86 1976 1977 211
5145 402 13423 7967 6945 14603
2952 4730 4512 5679 5681 504
581 229 1824 824 825 688
16136 32 1154 1784 1785 37
255 512 1694 1696 1699 1112
2135 3338 2050 83 3 397
528 1519 1135 530 2284 584
6 3111 1913 56 768 512
3402 5084 5554 6279 2456 1481
41 307 46 379 83 601
987 218 6 90 828 1990
19756 7 9776 85 402 86
659 314 6 3473 864 1795
2821 1030 2279 7411 4743 1809
145 11 27 987 1 218
545 303 2258 540 361 747
1345 1346 1347 1348 1349 1350
1811 829 45 524 588 5355
1457 2951 232 158 672 2018
90 521 45 2192 294 3
845 361 6202 3 1559 8113
1481 719 3653 3758 10690 135
138 5102 255 764 1857 512
148 438 452 73 2303 4879
5101 4805 508 5103 11 218
777 142 58 598 974 1531
7 49 205 1503 1504 1505
345 56 89 4684 3895 3361
579 540 541 1984 3457 254
215 1801 353 8583 138 1144
32 10606 205 6254 4395 1960
2163 5230 230 2042 259 260
1033 1131 774 371 4507 90
845 21 1681 1646 825 1807
13 3993 6540 239 240 6299
218 1805 354 4500 6579 2260
27 1 6 5241 2342 8490
269 11 987 1 218 6
7 205 85 6346 86 8907
762 1120 21 902 2177 903
658 40 659 660 661 665
5677 259 158 233 367 2873
55 512 1807 930 158 233
1348 1349 1350 1351 1352 1353
218 6 2 271 3361 687
2758 2759 2760 2761 2762 2763
684 361 1685 1122 4720 3367
4119 4120 4121 4122 4123 4124
640 6 929 3359 1018 9464
6 1592 4204 56 3386 2999
7 2395 1956 2800 51 205
902 2177 1981 3333 358 254
659 660 7974 3180 314 6
3820 3379 788 5063 4981 4509
1536 259 422 77 148 667
515 2821 1030 1809 90 142
148 438 458 492 2826 473
6672 2172 3613 1475 2878 584
3238 435 587 2426 442 443
4342 378 672 2173 4522 2876
6930 14634 7481 14635 2402 6315
458 461 3092 4359 1740 2018
10864 14588 5932 3210 87 2864
276 9982 897 3209 87 135
1377 1378 1379 1380 1381 1384
3919 109 5387 3085 64 5364
1725 630 3725 587 2426 4218
7317 17636 17637 17638 17639 17640
3512 4512 1652 90 142 45
6 83 981 7 5142 1774
3119 158 367 368 1863 1464
2369 1672 2370 2371 5976 729
486 3342 10041 2300 10796 897
4 6 3484 7 205 1052
1458 545 215 2135 3 438
1256 4842 1257 4843 4844 4845
3762 248 375 1795 2134 242
3400 6123 5243 7166 834 727
7121 118 852 2917 124 2938
6 83 64 670 5764 3707
1023 4888 3255 316 678 8036
723 9070 135 7849 136 967
375 242 83 7 9994 1775
6 8554 7901 7 3633 7949
8954 14002 8812 3447 3916 87
1 6 55 138 3 1069
245 3958 144 469 6092 1485
452 453 454 455 456 457
353 55 3605 220 20 254
6 1626 753 56 512 781
3374 3375 3376 573 10879 2145
354 357 539 1535 540 359
522 2190 260 281 6537 5264
11 3588 6213 218 6 12031
1513 85 10982 5153 2300 5991
564 5409 874 5116 3972 2336
7973 640 8620 6 2941 215
3206 382 784 672 3123 807
940 3586 136 435 453 585
2409 712 713 5605 9100 644
3003 3 2093 398 7 399
598 12 974 1830 2993 3603
205 85 86 148 1141 292
7620 7621 7622 4346 7623 7624
242 2181 3 13783 737 1011
1885 16044 15526 4165 1886 4166
11 218 6 364 3 14
218 6 6371 142 6372 378
434 455 3411 744 6165 837
69 151 3783 3419 1063 4805
2226 1932 32 85 17915 8037
138 253 3 14 3919 6008
218 6 2 215 1801 1839
40 659 6 857 2207 4196
3456 3180 665 6 215 2163
8365 16063 20159 10916 16261 4882
6088 3351 897 1068 87 77
234 235 1464 237 3501 370
830 2094 18031 700 4628 705
815 4776 2093 644 64 3584
303 215 361 1647 3992 362
541 1941 361 255 2035 1692
553 7819 5832 5264 5922 7820
11 487 6 83 3 7
3960 1038 873 5984 839 3383
7470 7931 6222 18864 11 1
7157 7158 998 7159 2366 584
3949 5614 3155 5615 2019 3241
255 14 3420 3919 120 7139
1795 696 3804 1471 273 1477
6 1455 3360 4961 2162 6011
5041 1912 8309 1018 1515 2072
8093 4623 5038 4000 1769 2
1533 11 6 56 862 361
24 4100 427 5115 4780 432
827 239 242 379 382 8877
857 2 55 747 3945 363
1141 2143 916 871 6092 6093
2059 815 2093 64 727 3820
372 504 378 1104 265 2331
11 6 1836 3258 361 1685
3 3486 702 2453 3582 1664
5593 7045 5594 5704 2169 7050
2559 2575 2576 9110 2578 185
5092 5093 4831 5094 4376 4832
1 6 4960 228 491 537
6 253 2377 2072 3 24
11 6 342 2025 42 3869
5579 88 2864 1140 942 5720
77 424 6303 662 136 1101
69 11 4315 6 3333 824
205 4238 8413 71 4596 999
652 6123 3985 5969 3530 6283
3807 3376 104 114 118 4634
339 52 1 218 2 3
357 154 361 3682 3992 747
1398 1399 1400 1401 1402 1403
667 438 492 2303 316 678
148 6976 6977 5565 435 452
1519 529 1135 530 2284 1710
673 674 3208 3210 87 534
1756 522 777 141 3392 376
7973 640 7786 6402 7792 1997
438 2825 2018 497 3587 498
15604 492 4882 2145 1797 17190
901 1683 1689 4721 1690 1691
6 5262 7878 15527 12043 584
2027 1780 1616 3386 1456 8058
333 334 335 336 337 338
3 2448 1149 1671 724 670
265 1763 7 1764 400 7573
5104 11 3090 1 218 6
3727 744 1655 5063 838 5759
1408 1409 1410 1411 1412 1413
1 6 9726 142 3 1835
69 11 1 6 5290 303
1764 399 400 3922 1155 1579
1429 1434 15338 1435 11 799
1919 2162 1144 3393 2164 3
339 11 987 1 218 161
4 1056 6 4149 1872 1873
825 5188 512 6577 1807 770
333 334 338 339 11 4426
2935 2936 123 2937 2938 126
710 3808 4043 107 109 1744
552 835 7220 7943 5408 737
506 986 11 1 6 342
9195 8268 701 7040 9129 9200
4 6 14851 4074 1956 205
303 6107 12754 16875 17082 2835
363 1806 4980 230 583 764
3667 468 245 3959 144 2018
269 11 640 1569 1997 27
800 1536 1863 1864 2072 774
6 1874 1803 1875 857 1876
502 1 6 9863 857 858
1603 753 905 3543 821 345
55 930 2045 259 514 1808
308 7585 809 6960 423 2108
548 215 138 4441 2069 1765
7971 2888 303 3139 2442 3
148 667 432 17891 492 2144
2878 644 64 11485 1037 1169
2181 8327 378 3 148 496
1917 1658 1918 6576 5861 1919
273 3 4588 49 205 1507
1639 28 7 32 2847 2803
525 1518 2283 528 1519 2284
380 2048 3804 3322 672 294
6540 3431 6812 3391 864 17683
69 269 11 6 89 303
2808 5142 1774 6420 5452 212
658 40 659 660 6 138
582 230 155 1857 825 232
359 254 1514 230 1842 379
273 3 290 737 312 148
2128 371 827 1132 140 1756
1748 378 1570 3801 695 1711
4663 3720 6960 273 3 1069
4822 2453 9021 1073 5485 2455
1217 1218 1219 1220 1221 1222
3951 537 238 6712 864 1469
1708 514 1517 90 521 777
658 40 3975 659 660 661
4652 2282 371 827 90 521
15481 8951 9353 2298 64 2457
2057 128 1481 10803 5408 866
4645 2367 584 64 49 71
218 6 1888 2 1906 1770
1 631 6001 28 7 8696
11 27 6 2 1469 83
166 167 168 169 170 171
8129 8230 1590 9883 5102 4691
40 4015 3456 665 6 356
3394 2135 376 2181 11295 1166
800 358 364 25 1857 768
2035 229 1987 4980 230 764
218 6 4295 255 3517 644
490 6 344 1643 306 16155
4000 2 345 1455 89 3544
659 660 661 6 2 1018
981 7 32 1782 11814 1154
882 4736 515 4737 3577 516
1609 3 7 423 148 73
4743 775 1810 4507 1019 3436
12947 73 3888 871 7448 316
1044 273 83 3 7 14205
5614 2019 2020 3241 1115 4506
6 155 259 307 3666 12581
11 1 218 2024 314 6
1806 25 159 15931 3 135
11 4 27 1 218 6
6569 3098 27 6 298 301
2084 3689 6919 3272 3273 5282
64 724 1588 729 11768 73
1518 528 1519 504 307 83
314 6 504 1766 6749 4238
40 659 660 6 1838 1644
897 86 7987 5449 7988 7358
6 220 3118 775 1809 90
1059 218 6 20 591 737
2421 584 5974 2093 64 3345
5099 5100 4833 4834 4835 4836
145 11 6 3 4990 446
6 3 278 7 925 2373
4369 3 5590 706 5058 5393
25 257 768 741 232 158
631 632 372 3 278 49
1991 2843 1800 9720 1680 544
1660 64 1481 3653 7881 265
1858 537 2190 997 782 2157
384 385 386 387 388 389
1934 37 13757 4378 85 86
258 512 231 769 1600 688
378 807 83 3 115 130
2990 2143 446 448 4581 449
2070 153 760 1462 154 762
58 59 45 523 1145 2886
4833 4834 4835 4836 4837 4838
2035 229 364 25 148 9071
255 4721 910 2263 1690 1985
335 336 337 338 339 151
140 90 521 142 537 969
218 6 1803 342 344 1770
161 40 6 2 773 306
11658 1851 8064 4442 1839 220
6119 7038 2170 706 980 3488
27 6 10686 4420 7576 7356
512 1694 797 1628 5676 1807
1919 1920 89 41 3361 1616
506 11 218 6 3797 55
11 1 6 512 3187 3
2059 644 64 49 531 737
1351 1352 1354 1355 1360 1362
683 303 1691 2264 25 142
59 15072 7 4804 424 6303
2456 2389 7 87 4662 88
3197 2257 863 20 3337 5663
6 666 3 135 77 662
6980 399 1834 6150 400 2846
2426 443 444 446 787 455
677 226 1012 8535 4078 1014
3718 397 101 1660 60 2059
2 901 514 516 518 2280
1034 518 2278 2821 773 1035
3013 3014 438 3050 2143 446
4 1855 1 658 40 6
528 1519 529 1135 530 2284
11 2150 1 6 3 3093
6247 960 5605 4774 4775 644
1034 1517 1808 516 598 45
3123 3369 83 2356 558 4065
325 326 327 328 331 335
13497 3 14 101 109 1744
355 356 687 747 2952 236
11 6 4495 1592 342 1741
87 8781 4662 88 6623 8843
40 6 138 1541 1065 1544
6 56 510 5432 2363 3483
3680 1810 866 5565 494 871
11 605 218 6 5524 2377
438 2428 446 1655 7244 266
276 6631 897 211 87 88
1741 17443 55 4442 1805 2256
11 323 4426 6 1144 153
218 6 89 3139 5182 1644
4441 4442 4694 1837 1805 3196
1955 2852 2855 1579 5365 2075
526 528 1519 529 2192 9601
687 379 3 3232 397 118
658 40 659 18822 947 3
6 1685 25 230 4060 46
7046 1070 2169 7047 4628 7048
20941 7152 2413 7154 584 644
372 378 2052 1610 1147 1523
7044 7051 938 1714 8472 2173
993 762 512 1629 1630 1131
379 273 5243 730 278 934
11 27 218 6 3664 355
830 699 3 701 9129 3232
3492 255 514 525 1518 526
1190 1191 1192 1194 1195 1196
7 1155 1579 1868 422 77
2020 2021 507 817 11 680
3223 13909 1922 3801 695 1711
1697 1698 1627 1699 1112 156
8058 5818 8394 303 253 7393
819 905 3492 347 1537 348
2018 6092 470 137 6137 473
64 1481 446 452 3412 1655
470 2251 471 9352 2335 11057
7158 2366 584 64 3652 651
90 142 3473 1858 2190 969
6305 3093 3669 316 1817 15871
762 512 1629 1630 1131 1517
494 870 871 872 6166 677
6 1810 1858 672 4625 702
6838 6839 4640 2303 6840 266
573 2196 9145 2968 3255 870
1037 2371 1813 731 670 135
5667 1685 2178 3682 221 1514
1219 1220 1221 1222 1223 1224
11 6 512 1694 1695 1696
368 2952 1464 4731 1652 2953
6 2 3385 1168 361 4720
1 6 17749 17750 734 4050
697 810 273 7186 7 3198
135 77 6567 3820 2064 290
138 46 379 148 18647 3654
215 6159 138 512 1628 1704
296 220 762 21 358 1536
1 6 2104 355 5663 845
18004 2367 2416 2417 3087 5975
369 1463 3120 1864 1865 3458
4 27 6 1463 6123 1151
3815 3405 148 438 468 1170
1090 1091 1092 1093 1978 211
2800 1821 6132 208 2858 1775
6 353 3 5219 5220 1104
2012 4962 355 364 368 3500
763 363 229 1824 504 307
151 2020 4871 4503 1997 1
1425 1426 1427 1428 1429 322
3571 3572 1675 943 14367 1679
1 218 40 3456 6 148
1305 1306 1307 1308 1309 1310
14 7118 8237 628 98 99
65 16691 4185 3714 1537 10811
292 4780 1723 2990 446 6884
7790 1997 987 1 218 161
4858 2242 77 866 148 17910
2364 2059 644 64 4068 1612
32 37 1956 1496 205 1960
246 17485 11 1802 218 6
7 5204 5205 3352 402 897
6 537 45 523 1145 2886
18921 11 6 14306 83 73
1694 1695 1696 1697 1698 1627
303 55 2404 3437 1830 6406
593 10723 3286 6704 3288 11664
744 456 457 1002 4666 464
7040 5016 7041 7617 5076 6833
6 138 5529 11657 14671 11121
7973 10370 603 3542 4151 1803
980 8260 10251 4318 1149 831
1808 4737 526 2283 529 2284
6050 2107 6189 1956 205 7857
1871 795 11 603 1 218
7788 1997 3332 6 1906 1800
1094 1095 1096 1097 211 87
485 6 55 3 7 77
3368 1795 2135 5110 2136 376
1508 1577 7732 16279 3926 5899
963 1479 6123 3985 1175 964
2155 747 4722 1691 4724 2035
2086 660 2377 2040 9971 3
261 3520 2050 3454 808 843
5424 12532 610 77 10181 4597
2310 568 866 531 737 563
1430 1431 1432 1433 1434 1435
56 3385 1168 555 3693 3450
3919 3613 1071 3460 8374 5737
205 6075 10364 5184 274 8338
18701 7215 4593 7943 9265 5390
41 296 1837 1805 1839 1681
2116 1823 554 11 27 987
3959 144 6716 6073 2819 1923
148 482 916 3888 12428 3960
1711 382 807 273 3 148
1195 1196 1197 1198 1199 1200
305 306 261 1748 4966 934
5093 4831 5094 4376 4832 5095
354 4696 1644 2210 2257 2258
218 40 6 56 1144 1748
3810 64 4069 278 1104 265
269 11 1 218 6 342
960 64 1481 148 448 870
6 12831 2448 14 97 64
2234 206 890 1155 87 2863
218 6 1462 1119 3 93
9635 2993 3144 2943 7396 238
365 366 232 233 367 368
3664 2069 2120 2121 759 863
3385 9 10900 6298 1754 6760
1065 1544 1545 889 631 632
83 3 701 3489 397 104
3 573 2196 2318 316 3889
1134 527 1135 530 1136 1137
970 294 7 205 1960 505
1340 1341 1342 1343 1055 1344
14 7118 4523 3489 97 397
89 1680 254 255 2271 7324
1504 1505 5894 1506 6523 10923
1524 27 696 265 7 5176
69 986 11 1 218 1489
1169 725 5976 727 71 135
1525 11 218 6 55 2118
135 737 1077 667 3974 587
69 11 6 2 3 2146
989 990 511 556 296 5044
4311 6901 8361 2453 6239 7085
27 6 83 7 85 6647
234 235 1465 1131 4736 771
90 521 522 3718 4749 43
4836 4837 5101 11 4 27
3221 1520 2050 2188 3802 16118
1348 1349 1350 1351 1352 1353
591 2396 3925 1775 5326 77
11381 354 1644 2261 21 2155
1644 1839 845 1646 540 358
5319 5320 5321 5322 5323 4050
1596 27 218 6 2 138
1025 1469 2292 2094 5821 14
5115 1723 3409 431 432 3238
2942 588 241 306 504 378
3038 3039 3040 3041 3042 3043
12803 87 6749 4238 531 4640
354 512 491 2874 1132 90
350 615 2162 302 4818 215
1478 3400 5971 2878 2367 2416
7396 10242 4564 249 1532 16226
4542 6229 6230 1834 6232 400
817 1451 679 269 11 7973
11 1 218 6 1803 5872
32 2847 2849 205 4378 1052
11698 2945 13199 964 5749 6335
259 2270 234 237 2974 4652
339 11 1637 6 20 25
1600 2045 259 158 1131 1517
1911 56 1658 5510 219 1804
1260 1271 1282 1293 1304 1305
1030 773 2124 1035 775 6333
696 273 1714 2298 125 3810
8337 2803 205 1959 3671 3327
3456 6 8711 3790 2888 4988
142 3 1141 8188 677 3855
7357 7360 7361 5452 5453 5454
443 446 4218 786 3411 3413
350 303 2342 215 1539 845
5572 278 28 1060 7 600
1101 667 446 73 675 492
338 11 27 6 138 254
5076 3486 6833 1714 2173 8659
358 5666 1941 362 1806 229
235 370 520 3437 974 14357
1151 3583 1481 1037 848 724
5495 3249 5397 5497 6932 5499
11 1 6 350 351 4300
364 235 1044 2134 20418 3
1338 1345 1346 1347 1348 1349
8943 8944 1052 3924 3915 8946
11 1 161 657 40 659
11 218 6 3 14 1745
218 40 659 4015 3456 665
1132 140 90 777 778 142
205 3910 1507 1068 2313 212
2821 772 1030 2072 2279 2124
1 40 6 1626 56 1675
4102 292 9065 16636 440 446
2974 894 4652 90 142 969
514 1131 1517 2274 771 772
3809 125 4634 126 1719 131
373 239 2398 1469 9393 3519
218 40 659 661 665 314
981 7 32 87 5637 5638
6 686 357 1535 1536 1983
28 7 32 2443 6047 4791
3391 13413 2399 3392 3393 8029
2024 314 988 6 55 138
1809 140 784 14535 1510 1077
148 448 449 10280 3092 838
2952 4735 5168 515 3577 516
521 777 3951 782 10901 3607
6286 6287 1051 1052 5505 11782
2177 4422 273 3 584 6896
27 6 753 89 556 215
763 2329 5669 2264 1128 229
3575 3992 747 1568 1691 4723
5092 5093 4831 5094 4832 5095
1370 1371 1372 1373 1374 1375
11 643 6 1800 4719 3
2124 90 2050 83 3 64
1921 3185 3 5755 8270 670
6320 6607 148 4878 2144 573
1830 2979 4617 730 7 3881
37 49 205 4002 85 2300
136 967 435 452 675 5304
6 138 889 6320 294 83
11858 11 27 6 3 7
830 808 273 3885 2456 904
86 421 6252 320 5979 321
1568 362 25 1693 378 3
11 27 218 6 1748 18
2377 155 1857 232 259 233
218 6 901 21 579 4712
11 218 6 215 353 8583
27 1 218 6 346 1043
6 254 2821 773 4562 1035
6 685 138 438 18107 3961
218 6 1837 1805 13223 686
10408 15275 10039 2850 50 51
233 3140 513 1463 1865 1709
6 1826 775 248 2181 7
4070 1037 727 9252 2423 71
6 753 4203 1658 89 2941
87 4238 18064 77 6708 7530
14396 6408 4930 3631 876 474
521 522 141 4675 3473 781
934 28 7 32 6509 37
27 6 20522 12688 278 5990
5856 3198 3835 1001 17065 1141
1031 2064 290 312 13923 11919
6 2941 1468 504 273 3
644 64 5543 5488 3885 2361
218 6 2 1906 138 378
1863 248 16768 3123 7828 83
775 827 15106 118 64 278
3540 4169 1887 1888 1889 4170
218 6 1144 916 2826 473
719 4068 3814 5378 4070 721
158 1464 772 2954 1826 1030
713 4774 2221 7 5142 3638
5673 768 9757 5188 797 5675
969 970 260 281 1025 588
211 7429 4412 1775 87 942
1857 768 741 797 156 688
193 2352 7343 7344 13373 194
4879 1183 573 2196 4880 4881
438 445 446 4568 494 6161
871 6715 5063 789 244 4968
4887 470 677 9715 5255 473
947 631 632 512 3 470
3 28 6227 7 600 1834
269 11 502 1569 987 1
1025 44 1609 3206 46 379
5750 7919 64 4068 601 729
11 6 1884 5524 1548 889
139 351 1457 2289 3695 556
513 1605 2268 2952 2269 1463
6 215 83 278 7588 16612
11 27 6 2176 89 2838
347 1916 19833 800 1688 364
7546 49 135 423 77 6303
3664 3363 619 3384 2027 1591
11 146 6 686 14667 3
9536 1812 829 2135 1748 5534
11 27 6 2 1906 3106
2196 4880 916 4882 2145 4883
71 2101 135 423 5819 567
14775 6535 6213 1642 1 6
6673 9217 9218 9219 6566 4985
5744 8381 5140 8764 11357 1036
1716 104 105 629 106 3808
355 901 1681 2177 747 255
3206 504 378 308 16217 7585
2395 1956 5912 8939 49 50
6 142 58 7 1956 1496
138 7 1155 3352 14980 1868
15097 9295 9373 9754 7471 5647
257 512 930 1863 235 1464
14634 5499 5500 3 7 494
3210 134 87 2387 321 77
6 15563 55 138 234 294
825 258 3143 5673 768 365
5023 3400 2416 2417 423 633
17033 16115 9474 9475 5911 11671
629 113 562 2139 2057 131
294 83 3 2876 980 2356
112 118 1071 1717 4634 6302
15692 6256 6829 10722 17836 9028
640 27 218 2024 314 988
4005 1043 5476 9560 4686 303
3400 6179 1151 5969 5706 964
11 2085 40 6 857 756
3141 3224 2160 1471 3123 5961
11 3588 7250 1569 7785 7786
64 9188 722 438 467 4981
3 7 5148 87 71 135
3787 1660 8384 1665 14665 3490
5615 2021 508 945 7430 11
85 86 6056 211 5935 2311
218 6 11571 255 1604 1130
1748 378 2094 83 3 584
1395 1396 1397 1398 1399 1400
312 434 446 448 452 838
1360 1361 1362 1363 1364 1365
265 7 6875 3283 3284 1496
8029 689 8996 6299 3348 2133
11 4 6 14851 4074 1956
747 229 2954 1030 2072 650
762 1120 901 21 1681 3871
1648 763 3516 364 25 257
327 329 330 331 332 333
670 7 1156 1868 148 6015
726 727 4778 729 3815 670
11 490 1637 640 2316 6
25 3517 2038 1857 768 365
1138 7 673 85 6647 86
32 8141 1781 6509 1154 37
5736 2385 60 2058 715 1664
157 1651 367 2269 3120 1709
11 6 138 1132 17756 1141
1044 395 3 10461 135 567
725 726 727 4778 729 3815
692 693 694 2048 278 573
2020 1823 269 11 4 4131
4 6 512 1138 2331 28
6 363 229 91 3 148
603 314 6 55 3 4625
1132 2976 90 141 142 144
205 4395 1960 10330 1507 1051
993 20 540 824 90 3141
449 450 451 4781 1726 453
2822 3039 435 438 978 443
1 6 138 1609 547 2452
83 3 3377 7 148 492
1646 2177 4335 4672 4706 3333
138 361 7 205 1503 1507
1815 8805 3092 3983 677 1817
1025 2398 3348 249 2133 3394
2990 446 6884 6868 2067 1752
3611 11 40 6 1018 598
56 666 1456 3869 8058 303
273 14 1715 99 397 13277
579 540 800 1685 25 2265
3250 85 4792 4793 2885 276
2316 4656 8612 5192 270 1
6256 5559 2234 2228 2229 85
3 6873 204 934 7 2847
14 3489 1715 97 397 102
218 6 55 512 504 2298
4443 5662 4076 220 1106 5624
19 4561 1536 1941 155 259
2247 1 6 5482 89 1644
328 329 330 331 332 333
1332 1333 1334 1335 1336 1337
7078 7079 3874 3731 7081 2182
1129 2044 930 5677 259 158
1200 1201 1202 1305 1351 1362
4600 2357 5272 4093 5114 290
1017 27 6 7 3931 71
11 1 6 4152 1874 1592
482 2303 2145 4886 2304 3255
6 2 818 1810 1069 628
1144 255 256 3516 83 87
218 6 296 1018 138 8721
90 522 777 3473 3694 537
1355 1362 1373 1384 1395 1406
1189 1190 1191 1192 1193 1194
701 1069 2168 2171 1714 4629
882 4740 773 1035 1467 525
200 201 202 13965 204 1138
2954 14 1743 109 852 7490
5092 5093 4831 5094 4376 4832
149 5966 6140 8386 5968 2878
7422 7423 1973 1974 1975 7424
11 16496 6 296 55 220
13706 78 1616 139 38 303
4782 6991 2303 2332 3957 245
49 205 1052 3915 3926 2817
1 6 83 3 6847 633
987 1 218 6 5948 1891
1382 1383 1384 1385 1386 1390
89 138 3197 1680 3765 829
13809 890 897 6355 9555 8221
656 40 6 5797 77 136
1520 2052 10243 3 2173 3374
491 2874 1132 90 141 45
525 1518 527 528 1519 530
5326 3638 423 77 6784 4597
3694 143 1989 997 782 969
2976 5694 778 6728 3227 1471
3 113 2139 7 1529 321
8626 8627 7794 5656 4959 8628
140 90 142 4675 4625 5014
6 993 3 64 2371 670
3522 3370 273 7 87 7543
4692 1754 686 1644 759 3605
9707 9709 2826 14631 7946 10205
491 537 1025 45 523 2886
2808 1959 3671 3327 3328 3329
273 3 102 64 3766 5755
545 1121 3800 380 3658 2050
1411 1412 1413 1414 1415 1416
290 5720 6483 148 427 3409
1810 827 1132 1019 2083 90
1195 1196 1197 1198 1199 1200
523 1145 1829 4759 2886 974
1132 2083 140 522 997 378
100 101 102 103 104 105
88 19871 14650 6808 7577 983
598 4564 14277 3 17127 3102
515 5688 516 517 518 2275
4186 347 4203 56 1658 1918
444 455 1002 465 1003 1004
4616 9378 1531 2943 7396 238
218 6 139 55 90 142
314 6 753 1913 56 89
1432 3864 3777 282 3865 3866
6711 3155 5615 151 3241 2327
670 1772 2331 7 205 6055
11 6 55 138 364 3
425 438 444 455 870 837
212 2862 7456 9912 3508 87
2283 1519 529 2284 19721 4680
6884 786 8908 494 1740 839
3951 2886 373 2217 7825 2013
3120 3458 1464 90 135 662
3720 6960 3 4627 2944 2448
269 11 6 1913 56 2044
11 4 987 1 218 40
3072 585 1728 1729 1730 1023
2895 6 6520 55 546 3
2114 3866 3867 3868 2115 2116
90 142 2190 1610 3 866
1458 1018 361 1683 3784 598
6122 9209 9210 1148 9211 9212
1430 1431 1432 1433 1434 1435
6 5832 378 382 446 492
861 42 5620 475 862 3363
2216 672 8092 192 204 278
659 665 6 83 3 64
151 554 340 11 4 27
4030 18839 848 164 8870 7326
2131 2083 140 1827 90 557
11 6 944 1754 1838 1644
6123 9241 6241 964 6242 5973
6 138 579 491 64 148
11 27 987 6 769 273
32 3859 1934 37 2300 6828
2400 3393 241 5880 248 242
4519 4520 1459 686 1838 354
7851 3407 148 455 5064 471
426 427 428 429 430 431
357 1462 154 294 83 28
16437 6 2124 827 4746 522
9065 978 445 2143 446 585
1884 2 993 1118 2044 773
6431 245 144 6716 5759 1485
3242 3156 11 640 1 6
56 152 512 235 1132 90
4988 4442 3515 1837 2258 25
1057 218 2024 314 6 215
5687 16663 14725 77 3297 885
11 3589 13667 4128 1802 603
1681 3 737 148 5012 492
1466 3084 491 776 1132 4336
490 509 1 1144 20668 3
829 6810 689 262 2137 590
11 1 218 6 351 9
15662 13504 15663 15664 15665 12483
490 1 218 6 3492 684
333 334 335 336 337 338
397 116 7 7264 1090 1091
2170 7051 6979 938 6672 2172
2370 2371 730 5425 7 3283
2229 85 86 7381 7382 7009
11571 2442 2259 2260 355 1839
269 11 640 987 40 6
722 1037 2389 835 5755 2980
644 64 4068 1612 724 2331
4403 2817 5901 6053 402 897
8327 1166 3141 3804 382 3123
4740 773 1035 1467 525 1518
1612 7 1956 49 3691 50
15788 15789 13195 8770 285 204
1233 1234 1235 1237 1238 1239
938 7 2847 1958 401 2855
1431 1432 1434 1435 1436 1437
3219 1520 8802 8803 102 866
828 4756 1812 829 3437 2993
11 483 27 5 1 218
2448 14 3460 2416 2417 584
257 1857 2040 231 4060 688
110 2934 2938 7133 126 14531
4987 5613 268 6711 3949 5406
118 1071 1717 125 130 3810
4832 5095 5096 5097 5098 5099
56 2027 259 90 3 106
424 148 435 444 787 73
659 4015 3456 661 665 6
83 3 644 64 934 28
1110 687 357 1765 21 5653
3558 4141 603 640 1569 1997
688 1465 775 491 140 1827
2369 724 2370 3847 3700 10977
218 40 6 56 1456 139
3955 8125 18706 148 438 492
3 2880 7 1742 6132 11175
3979 90 521 5531 522 2959
4002 4003 2817 87 942 148
5385 7326 2467 168 185 204
797 1697 1698 1627 1699 1112
