14 1510 29 96 17 402
71 8 6317 18 227 4774
18 1270 20 175 274 32
14 1206 92 2259 96 51
186 18 888 14 23 304
50 290 1479 506 96 617
344 242 63 14 1158 50
1267 37 265 17 8 567
18 8 126 2015 18 917
759 4688 3 1378 617 27
632 103 81 6235 18 206
14 3120 20 71 227 2350
8 357 18 8 6837 20
71 8 534 18 11 580
14 3 29 30 17 505
22 18 318 262 8 4946
351 84 1251 14 2994 4595
419 3 40 8428 18 8
219 235 63 206 71 846
17 186 436 214 40 2015
290 3212 103 3953 306 436
18 210 96 17 29 96
188 20 8 1717 14 3416
29 534 292 582 265 1103
3 8 193 436 857 18
101 122 29 4223 17 21
332 2545 92 71 8 4874
245 292 11 227 6515 92
3739 8 731 6476 71 686
24 272 293 382 383 14
26 400 29 265 964 30
4993 135 38 71 8 1310
186 18 8 193 17 8
19 31 3983 3 122 319
2672 1045 8 126 187 6122
33 4628 108 160 1830 101
399 292 307 8 3937 44
5070 4093 14 20 30 671
1 1 1 5084 1 1
71 764 124 145 8 1032
2225 71 3303 3247 8 3304
2500 225 17 39 40 2501
124 2991 3818 18 227 319
2000 103 263 14 122 1299
1232 29 17 21 270 18
612 14 71 824 181 8
122 38 92 42 492 8
756 758 266 219 266 219
30 988 905 730 74 20
54 29 17 402 71 38
75 685 265 810 5160 25
780 30 602 290 981 262
71 2543 2211 96 17 40
3378 18 8 4989 75 21
502 27 7349 1769 71 11
175 893 52 39 22 206
2992 92 188 530 30 40
14 3689 2589 21 8 1221
4776 467 31 290 591 594
183 467 31 290 591 6363
1842 18 3615 1502 2227 542
17 6077 219 124 3086 71
296 1321 27 17 40 2964
40 19 274 212 2275 140
284 4057 306 30 17 29
692 39 52 299 986 1019
124 54 192 152 4766 21
1280 18 934 315 8 1280
219 390 29 2656 1585 96
8 1843 11 12 507 71
8 5524 44 219 160 1320
4237 40 188 186 197 31
17 979 1303 14 50 290
39 22 7560 224 71 497
8 5701 5702 4625 3046 5208
1052 14 791 18 2076 2418
19 468 1103 125 25 1103
908 292 169 293 7932 21
3 209 29 810 30 29
52 567 71 8 147 18
53 103 679 8 870 18
8 2658 14 103 74 2495
1262 29 487 1273 71 92
274 290 7523 80 25 20
1 1 1327 6128 18 40
3372 779 40 3784 3523 103
146 96 4246 71 117 19
5909 234 8 4197 290 40
14 617 122 258 1087 612
71 1896 30 1972 306 284
272 8 1244 20 21 8
1 1 1 177 29 206
2672 50 290 90 4360 8
18 8 4143 18 227 319
1726 307 14 272 2015 52
7405 18 54 74 20 810
227 102 1062 759 71 318
5813 3 26 270 39 17
3781 18 8 2998 18 3778
8 534 18 293 1599 810
160 212 591 145 101 124
8716 14 214 8093 103 8
97 21 26 6086 18 8
11 13 307 18 8 7109
40 2824 292 8 443 18
124 5051 21 92 124 3
1 1 1 1 1 1
18 3268 197 17 89 1125
103 1267 18 54 3273 20
17 39 40 1378 316 1585
26 175 1894 29 162 492
6003 181 71 58 14 922
174 20 1218 31 535 30
962 71 29 541 75 1715
17 13 29 17 71 8
1 1 1 388 126 1822
39 27 568 219 810 1357
294 18 8 5270 14 8053
14 147 52 63 8 2672
2227 1286 7736 92 1992 2227
220 381 39 245 21 64
1585 29 17 71 53 567
3689 2589 96 17 8 2770
18 263 39 712 292 8
128 18 294 14 18 1214
8 374 18 30 217 14
290 470 25 1219 39 50
840 14 841 842 299 774
175 63 2681 299 8 2581
294 14 1332 18 1263 3247
75 1218 39 227 319 4496
484 2234 52 18 30 39
4940 101 40 4307 14 25
293 1599 263 14 227 541
97 52 71 8 493 435
18 1569 145 45 124 2894
234 8 6324 6372 71 6373
1162 97 1163 22 1164 206
96 17 811 71 209 29
17 52 2300 39 40 493
5163 8 5933 18 7029 17
1 1 1 2683 214 848
8 2027 18 5868 64 17
8 162 18 284 96 17
30 340 4030 30 3 8
206 8 2557 17 52 332
219 274 290 1486 5017 262
543 161 795 71 796 14
505 175 846 29 4535 1025
39 27 18 3586 92 347
21 3372 350 8 785 18
5008 29 86 21 5020 92
3476 2238 617 21 122 319
3 8 3813 18 8 3814
18 8 2167 58 197 17
71 8 868 18 347 23
8 126 14 219 124 20
212 23 543 71 140 467
8194 8 2672 14 71 846
435 92 21 665 18 8
462 3828 20 71 33 541
1192 29 96 17 1135 21
262 1595 3 2676 206 96
1032 18 905 632 553 8
1502 71 25 1362 40 558
29 9305 52 435 71 290
103 219 124 210 29 17
21 667 1984 30 17 755
61 39 3508 4489 1232 12
122 8153 71 994 347 296
3410 142 58 462 1059 18
836 347 186 92 905 71
18 318 63 1611 14 63
1 1 1 907 8 188
21 2110 64 265 592 8
29 3569 307 436 265 810
14 265 50 234 30 290
3736 307 21 227 3056 14
443 18 1852 1853 17 1854
89 996 103 347 18 284
20 234 219 160 842 14
24 63 4251 8 4083 18
39 74 20 8 4488 274
52 1782 39 849 299 185
4412 71 8 162 4413 14
1016 26 267 52 2737 29
27 21 8 2292 152 2913
53 265 6736 3 2539 92
219 1324 103 92 183 219
1516 92 8577 161 8 23
1678 29 8 3843 18 8243
227 3174 14 234 3174 181
9419 8 6927 18 8 400
96 5470 161 8 6820 6744
14 4800 39 219 124 52
21 23 761 18 26 2784
90 519 3 1792 187 30
810 8362 11 219 29 527
193 124 299 20 577 1720
2913 1045 293 7187 1035 534
3821 314 29 206 9200 227
905 18 1982 318 29 4062
3 3104 30 3465 52 20
17 145 39 306 332 14
310 1416 1214 17 715 18
2227 1023 138 8 193 5810
1232 63 52 395 885 8
1191 21 204 14 71 678
3 38 3401 14 6175 3401
2917 17 186 436 30 17
332 21 122 319 382 71
63 212 186 3 29 2782
142 58 8 860 537 18
169 26 979 14 993 543
8 145 14 187 18 8
4114 92 25 71 4113 17
3552 14 4035 227 1356 381
388 1783 414 17 1364 1
21 19 14 632 947 27
3 8 4756 71 307 29
1216 8 934 14 312 18
227 5711 14 507 71 38
2780 3552 617 14 54 23
1602 52 292 8 145 18
18 5056 265 1769 75 103
690 18 8 72 14 224
14 104 5109 181 21 548
8 3814 14 2677 18 8
369 632 3 2110 30 197
8717 263 262 8 7268 18
21 8 665 18 8 4620
186 265 918 52 21 146
266 197 17 896 14 29
340 1103 53 460 8 3079
467 25 5201 5007 20 284
52 632 40 401 788 178
1 1 1 1 1 1
74 40 19 20 26 17
52 33 2072 71 5156 39
103 96 51 63 212 731
29 96 17 13 890 3
8043 2307 18 293 7187 7183
8 1378 6835 21 8 2686
391 92 71 53 29 332
7130 92 6835 18 11 436
163 206 25 1835 586 18
18 8 1270 71 104 5809
791 18 8 2581 18 202
80 21 1367 18 318 117
6700 206 14 5824 1 7596
183 219 1576 18 347 23
23 18 227 726 304 8
1 1 388 4213 18 2376
2589 262 8 5570 14 8
39 3438 18 318 29 63
31 32 145 17 8 193
322 18 5210 50 2990 307
3778 103 265 1769 7014 4306
335 186 71 32 347 3734
802 18 263 103 33 3328
2894 174 299 152 1670 20
266 40 19 17 103 40
54 206 96 212 2672 31
157 14 29 219 124 315
1 1 388 2263 18 8
29 274 176 8 129 2818
29 5279 8 1909 18 227
8 6856 29 17 71 53
2606 101 74 205 20 32
292 516 14 391 858 859
52 39 29 293 1599 818
8 6170 92 6171 18 40
29 224 5935 7832 17 1479
199 20 8122 290 981 71
500 14 71 497 71 293
1017 2676 18 8 2677 18
219 29 8683 272 3886 514
292 8 4976 1985 245 683
22 4383 3204 20 162 29
1272 71 3383 227 2257 4713
357 1103 2323 71 290 40
266 8 1032 17 18 2072
319 47 71 903 8 309
162 6832 780 21 122 65
146 17 52 8 1489 18
71 125 8 86 103 96
6551 2612 101 266 224 18
1205 71 314 14 1681 71
1 1 1 310 632 266
143 14 17 2300 294 20
8 3814 1043 306 161 8
92 52 17 899 21 206
1124 592 8 126 1177 1178
5830 18 8 5831 265 5832
71 218 71 922 29 294
8 935 18 8 3784 3523
905 2991 8243 18 8 1014
11 12 811 5720 14 558
51 1103 32 2177 299 293
6892 18 3790 8 6892 18
266 175 63 9391 175 274
323 21 181 265 14 54
26 17 4041 71 290 1421
19 3 3737 274 5594 96
754 2418 71 290 2756 262
21 8 831 18 111 8
18 284 2887 17 212 591
33 4798 266 347 18 8
1110 197 3719 212 591 71
275 212 106 759 105 1260
290 212 986 18 8 1481
18 8 2672 290 1292 103
71 7143 3 33 524 18
241 40 3494 18 8 2381
18 45 333 1280 272 8
20 162 234 8 5503 290
96 17 377 90 33 378
124 145 71 318 306 71
8 7183 71 38 3401 14
18 467 197 17 212 986
124 2005 103 219 1191 292
290 203 14 1841 124 21
290 1135 540 39 27 71
4307 71 8 1231 14 71
126 3 8 6347 27 18
36 316 227 187 197 487
97 219 6711 102 478 719
310 852 45 6263 124 494
16 92 8 108 18 8
8 1155 179 14 1158 335
1766 29 17 265 31 146
3 3104 71 227 1842 71
184 18 2818 292 515 1528
7113 3401 38 3 6832 996
54 21 347 224 1673 296
262 30 586 18 40 2526
8 171 11 505 168 8
647 18 122 186 71 138
276 142 4105 14 147 1320
21 117 1063 1882 92 1883
2177 92 18 206 3197 1089
14 8 126 1822 290 6038
138 2668 7146 7148 2667 14
40 3734 299 8 4475 92
18 830 1944 14 18 8
52 122 541 20 265 918
8 16 13 461 3 40
152 145 21 96 27 124
122 6067 2483 71 290 7523
75 5521 96 504 9128 71
2990 8 187 18 8 4488
299 146 18 122 319 71
219 4198 8 5895 18 8
3 8 2874 1267 18 54
161 122 1039 265 4417 71
8 162 3814 844 39 3
2591 96 124 8 126 299
1064 18 2591 96 124 8
535 30 92 52 96 17
160 52 1475 18 209 877
493 21 122 1396 39 306
51 124 52 71 535 30
340 6516 381 8 1802 648
227 319 3105 219 678 5409
877 2810 5702 4625 3800 14
14 174 18 344 39 3
2315 258 14 632 30 17
290 6534 262 8 870 3
290 71 4105 20 40 3053
316 2675 92 2695 2539 50
2441 20 558 92 2442 1360
18 8 962 3 147 97
905 18 2671 18 3586 92
1867 14 153 1825 1232 30
2764 3197 71 2882 29 16
8 1321 6717 381 8 1244
3 122 2580 14 620 292
436 51 124 3508 5008 8968
381 318 299 8 126 5668
3141 3142 3143 3144 14 23
8 1165 1103 125 89 3773
3 8 2969 2584 18 318
224 29 602 458 758 332
1 717 290 45 29 1191
8 917 402 71 3825 14
395 614 604 1082 75 634
63 212 754 1216 467 52
39 45 18 318 63 129
71 2435 436 30 17 39
1 1 1 1 1 1
4766 1696 1446 30 17 122
14 29 52 5480 299 8
18 1210 21 293 393 103
8 2658 14 4536 54 3079
14 21 96 30 1678 3
1769 29 340 6736 52 26
592 347 147 146 759 660
3174 63 52 8 188 186
145 11 2996 318 71 290
197 214 212 3837 18 102
219 242 479 52 80 219
160 4094 80 40 19 235
8093 40 19 29 2395 26
52 80 6205 299 8 152
1913 8028 290 30 224 19
186 152 17 2226 4685 14
214 513 272 1812 18 558
51 92 33 6835 292 3268
8 1334 18 209 29 124
8 400 14 976 8 400
1 388 1802 414 17 175
18 154 92 2093 101 3
71 1482 21 5673 18 224
92 5185 292 8 2908 18
126 761 125 632 27 1896
1411 8 357 18 8 2769
3 96 11 380 318 21
602 290 2138 147 5953 3363
899 39 306 40 878 513
17 71 53 5501 18 8493
500 14 71 497 71 293
21 8 7026 18 8 3814
101 347 23 4380 10 51
2992 52 306 20 11 21
71 398 197 92 103 81
591 2221 92 5185 292 8
8282 1381 17 608 64 61
948 1378 632 17 243 21
26 898 290 4199 8 1270
186 30 17 52 1383 97
278 92 487 458 8 414
6020 18 38 71 290 7523
935 3922 18 8 145 434
5856 18 122 319 4018 14
1664 8 787 92 1481 785
710 92 813 810 347 185
1382 64 17 92 64 17
3 905 21 8 3378 18
124 209 4971 29 290 5950
617 30 17 90 33 4798
18 96 1419 3264 8 162
122 8153 71 994 347 296
71 8 2353 29 17 71
8 870 20 214 1135 316
140 29 942 21 54 2818
71 224 265 50 5683 307
17 470 468 39 328 199
3 8 1013 44 340 487
14 7331 810 2756 227 7208
3174 63 52 8 188 186
18 8 193 802 779 122
711 764 8 765 18 619
23 206 29 63 347 356
612 347 23 567 96 17
96 4089 219 160 52 25
19 92 33 4620 71 32
8 2998 187 265 29 61
145 39 40 1788 71 256
262 8 16 71 7353 206
74 641 3 605 20 71
138 306 8 2589 18 11
23 20 8 1042 71 8
7276 92 6341 8 357 885
172 32 30 744 29 26
860 14 2264 2265 18 1155
51 124 71 125 25 17
8 861 18 8 862 75
6887 2687 2775 54 21 645
21 8 2483 39 122 4048
18 11 29 17 8 2538
227 3705 2448 3706 80 29
8249 507 21 8 126 641
20 224 29 212 591 3414
174 492 20 592 395 784
9223 584 122 8965 14 299
199 2221 2227 23 206 20
290 40 2672 29 5014 306
6067 38 14 45 71 2188
6264 18 11 17 33 915
8 558 39 227 319 1160
18 26 16 14 275 71
18 8 174 14 4556 18
2443 92 1547 160 1018 1904
318 8 1204 18 145 30
36 20 3440 96 3441 17
18 4082 381 245 520 20
20 8 2649 2655 71 847
290 230 103 8 3689 2589
18 3646 92 3647 18 1494
400 1320 71 154 44 45
2509 17 1018 29 206 1232
568 8 4902 18 122 4933
71 1324 8 635 14 1421
18 635 636 14 315 8
187 18 8 188 234 265
18 3778 2707 1334 2212 8
71 290 410 161 8 2538
21 8 2280 51 63 30
4077 2898 92 3686 316 347
18 3801 14 4394 14 1158
224 92 988 2467 103 909
1 1 1 1 1 1
30 1739 29 492 8 1913
17 20 17 197 2237 8
183 71 9150 74 20 1103
1431 343 290 1532 20 8
592 1942 395 3926 21 26
219 8955 92 281 21 8
1 1 1 1 1 1
8 5449 96 75 227 543
126 4013 27 21 40 188
5984 124 712 5982 103 8
29 4757 318 8 4086 17
164 299 8 2633 75 2634
290 71 290 2081 92 1726
917 71 8 145 71 994
186 14 117 224 1192 122
290 1217 262 158 759 29
18 435 4931 8 1842 92
146 71 893 39 29 8
8 105 18 8 2672 50
206 810 8 2221 71 4187
63 227 187 292 8 152
21 1743 29 554 17 657
149 1629 14 1628 14 22
1067 18 1214 103 30 17
18 7979 14 1320 262 8
323 586 1029 1045 4433 5705
4321 52 4322 17 52 3212
4535 14 265 40 877 224
1421 1381 14 242 71 290
122 187 2756 103 8 2672
1 1 1081 40 19 1093
436 245 265 343 32 30
3762 18 2545 17 8 1625
347 4488 1349 1754 292 2894
71 29 96 75 505 1481
219 2681 1178 54 761 299
1 1 1 781 276 641
1 1 2683 214 848 14
71 307 3 104 147 219
5056 290 1180 161 8639 14
40 19 2534 567 71 40
71 2990 284 8331 71 209
8 5897 391 1381 17 212
3 8 2998 160 4850 3
2483 3090 71 2683 80 29
21 40 1508 4628 52 567
290 1383 598 2134 568 8
290 230 3 8 787 103
5871 8 322 242 29 40
101 225 219 53 266 30
310 20 71 8 186 18
682 632 17 212 2672 18
1780 21 122 3649 8 4662
17 3508 1564 14 80 21
645 101 33 2152 568 6832
175 4086 175 63 811 175
29 30 17 1792 242 103
693 29 198 18 293 1599
227 917 17 52 4643 71
124 3 1422 1280 5712 292
96 124 8953 18 227 319
21 2143 92 234 265 211
20 1151 2359 2353 316 7820
600 17 5950 12 8 174
18 1257 1193 759 18 2181
29 335 75 5710 231 1531
591 20 128 1914 2177 14
40 2992 290 40 3832 265
759 122 1526 3 301 20
8 690 18 54 725 1282
8 3814 29 160 7596 272
299 122 4940 316 40 400
29 220 58 1700 101 54
103 224 18 8 1062 18
103 30 17 8 126 493
51 147 92 8 276 225
21 8 112 18 45 2695
174 18 19 104 2526 14
903 8 1392 18 8 1155
124 500 21 8 1508 18
96 414 3 2589 17 230
17 71 1214 20 40 1067
147 211 4105 8 8073 18
51 221 29 3790 75 791
18 3778 2707 1334 2212 8
8507 761 4866 4011 169 21
1244 212 1434 18 604 212
124 71 176 242 64 541
5241 71 4907 103 227 134
5272 478 5267 14 1792 124
348 27 96 219 537 181
1518 75 197 347 1262 29
18 7053 965 568 8 7021
206 50 1163 378 40 89
290 1533 164 14 712 224
1 1 1 460 23 690
3219 293 1599 242 21 3268
1 1 1 1 1 1
7517 1232 32 8 2483 18
53 18 24 51 535 52
125 2218 744 21 8 2766
5367 225 71 290 4968 5368
71 4663 318 92 579 219
265 75 13 579 29 4662
14 1557 3 96 224 178
1 4701 292 9310 2343 219
1 1 388 761 18 1270
160 40 89 1490 71 390
3 347 4620 262 96 347
73 29 1782 124 847 271
41 18 8 72 73 14
17 4965 3 307 29 4966
685 21 8 1035 1757 29
537 318 71 1352 224 225
17 8 4475 4964 307 617
47 18 8 152 2672 21
92 21 269 18 113 21
318 14 1402 5701 3781 8064
21 40 193 124 8 306
224 493 96 103 469 689
2998 2999 272 224 18 8
8 213 18 122 214 8
14 1402 50 764 117 1426
1868 4377 71 2561 2310 20
8 147 410 39 21 8
3 1025 8483 8 1334 18
17 90 587 92 278 8
831 18 857 18 8 184
8 2991 3818 14 3681 2693
8 126 905 21 227 462
145 5773 40 1272 14 750
8 642 685 293 382 40
21 3460 18 227 259 1165
3 174 4188 8 2702 333
40 9192 8 645 4925 18
17 1272 14 3 1280 197
103 25 614 20 265 31
54 8243 651 3843 266 219
1637 54 1764 14 3512 402
19 14 117 23 635 937
40 905 14 29 8 493
290 885 80 26 357 29
310 632 234 548 290 949
36 1232 147 434 71 2952
7000 14 2802 3508 5107 25
17 29 8 152 188 17
5360 381 5324 272 269 18
29 898 580 836 2221 71
1017 29 175 1103 52 5031
8 2197 18 26 410 604
4517 14 2395 4496 14 23
617 52 306 8 3826 39
53 272 8 9443 18 8
18 227 3855 14 8070 29
20 2248 26 2249 29 96
265 5901 506 96 1218 31
1445 40 4769 92 747 14
14 275 1713 40 7525 7526
23 881 39 103 8 2964
1357 3 3734 71 3454 263
8111 632 266 30 4878 8
52 1163 21 8 102 1838
319 4653 30 160 755 29
2348 14 941 29 756 209
1 2456 501 21 8 84
227 7222 103 33 6067 3734
3690 30 274 52 290 4170
30 17 241 8 2360 29
5010 71 8 3300 759 17
17 21 29 322 39 20
3276 18 4984 96 1309 292
600 219 1338 71 1403 103
492 40 1431 18 206 124
1696 2227 8 5720 18 8
197 17 470 21 8 1270
186 14 4818 318 21 8
1215 234 40 19 265 4080
96 75 71 290 2992 175
40 3838 17 265 29 214
3629 96 75 40 356 18
8797 266 30 274 323 103
122 3378 316 122 1535 199
7691 347 19 292 122 414
8 193 54 23 124 2322
14 96 17 591 50 556
14 369 9023 14 3944 14
8161 318 71 8 5809 18
1 1 1 1 1 1
8 3689 1270 17 52 71
2121 18 2131 2132 418 71
14 265 5964 71 2952 30
3734 4053 347 905 759 17
8 72 2129 18 192 206
175 538 71 216 8 1812
294 20 266 51 479 40
27 71 947 14 2817 14
8 690 18 2632 14 2624
17 381 1244 212 74 1368
8 247 14 632 685 4376
218 71 922 29 294 96
2672 18 174 3998 3999 17
3783 71 169 3 8 2353
8 16 2248 52 29 71
20 1013 58 3 8 1046
40 19 50 1741 63 18
1 1 1 1196 632 17
20 71 846 219 63 186
183 219 1103 2739 8 2349
379 5719 690 7716 925 7720
8221 402 103 227 1263 14
5027 18 2818 14 797 58
3349 284 2677 160 27 90
71 6819 379 543 1811 8
122 870 20 265 918 29
294 18 8 3649 18 8
71 290 18 26 16 14
1357 71 341 14 617 30
1720 17 52 1086 3 227
3 29 18 549 6870 1
219 1814 315 8 3512 18
6648 124 52 18 227 319
8 3512 18 332 6368 25
53 632 29 197 17 212
1558 292 8 398 30 17
18 96 8 1508 18 2894
316 3754 2929 103 8 2782
1587 18 8 178 14 8
881 71 32 1861 3 30
1 1 1 1 1 1
1 1 1 1 1 363
114 39 18 40 6207 831
40 1523 6051 18 227 319
17 4041 25 265 125 30
1 1 1 182 183 14
172 96 175 1894 586 18
186 18 8 3826 1185 7204
71 290 8 831 18 8
3984 7354 25 29 293 1599
25 2602 274 3195 4126 4130
25 5056 2994 5055 14 8857
19 161 122 319 4506 50
71 2346 206 71 8 4082
8 23 29 8 8394 18
292 8 2511 18 8 3093
545 318 8 107 18 3358
50 3434 27 3 25 4954
162 14 4010 2672 18 174
8 146 209 690 2580 4533
1103 4342 14 846 21 1210
5107 25 29 197 17 1953
8 2659 29 2670 71 542
3 3268 17 241 8 3826
71 318 3470 919 71 329
20 8 660 18 40 19
18 209 29 63 52 527
146 18 307 29 17 71
8857 299 122 8856 14 21
4433 5089 18 8 1365 18
197 984 40 746 278 21
6809 21 307 29 2730 97
3456 1571 71 290 3517 3095
52 103 4728 39 103 2908
27 29 197 17 381 1244
1208 8829 1479 208 545 8
292 8 1557 746 1798 18
7898 8247 21 8 2353 562
219 199 2470 45 71 390
1913 4194 17 52 71 290
40 19 97 875 4191 71
243 21 1270 71 686 293
124 71 176 64 209 934
868 29 30 17 755 103
145 92 467 468 39 332
172 539 71 225 299 2061
759 3452 18 122 3432 39
174 219 124 212 145 71
153 125 52 1383 5582 8
614 14 722 723 272 724
14 32 542 71 1403 71
26 2672 17 1153 71 8
318 1218 18 318 4495 591
14 5598 160 507 20 40
29 942 8 2659 2468 21
1896 8 6044 18 8 3814
310 266 265 810 1135 284
4110 4138 14 50 1712 8
160 162 2667 14 568 307
4527 92 1590 4528 18 8
18 1212 2580 3 1212 357
761 18 1270 2669 71 244
4019 231 846 29 4535 17
39 915 3508 731 103 45
8 192 16 8 1783 29
4915 14 75 52 634 436
8746 14 2208 8 780 271
21 23 206 17 40 98
263 3442 71 2952 8 145
468 758 8 2376 18 29
2509 663 27 29 197 17
80 8 6967 11 6736 284
2273 18 227 2376 97 219
381 7953 2400 8 5511 5574
18 8 591 85 3597 219
160 844 21 8 16 20
647 18 8 3689 3690 219
2307 1875 40 9457 111 14
1 191 3 303 2241 292
908 8 604 18 5752 5753
92 347 23 493 3 8
6914 545 8 4530 3 8
7259 274 5031 21 5976 7260
6532 187 71 1482 8 4778
96 17 20 199 20 71
96 265 12 410 316 8
3351 18 8 5237 492 8
14 8 521 5960 18 26
1162 101 8 1899 18 1915
685 1231 160 21 930 537
71 8 3244 18 307 29
17 1351 1320 103 8 4673
410 2353 242 8727 381 1244
32 227 7539 8 688 3918
1870 245 5137 4030 92 103
3397 262 8 1062 18 24
5977 17 4866 90 40 949
18 3778 103 8 1419 18
1 1 1 1 1 1
40 2483 39 30 17 74
647 18 8 3734 71 7880
1788 117 567 17 8 1267
2084 1074 92 23 1609 71
20 2490 14 4863 39 175
18 134 219 147 919 3326
29 46 2672 18 174 90
92 3530 8 3531 299 3532
310 292 26 30 17 1422
97 122 484 21 26 322
8 41 18 206 292 414
780 71 117 19 8 126
17 8 707 18 11 8
591 1188 80 219 147 1069
418 1221 18 8 1378 8
71 53 7376 18 8 870
265 6811 3 2695 2539 17
80 30 17 750 586 18
2110 18 22 24 21 3460
2376 101 8 3826 18 122
381 318 29 810 2756 227
17 2521 517 21 922 17
26 356 18 1214 96 219
7490 343 290 40 877 1025
96 219 63 52 905 71
1 1 1 340 29 71
2687 39 7227 14 8 4747
25 5819 20 921 265 592
182 183 14 3 64 157
20 245 124 58 21 89
21 8 697 1757 175 63
436 122 46 3202 75 71
262 3 270 21 8 1508
19 21 122 733 17 29
2082 1914 299 8 870 3
36 260 5407 14 7855 8
2913 492 8 870 124 52
2908 3212 266 8 3300 12
40 8046 17 71 211 8
154 290 6101 71 125 40
103 8 3676 18 146 14
3174 18 8 870 39 2667
586 18 40 494 6375 92
478 18 8 7517 1232 32
2901 40 296 319 73 124
2693 92 32 4675 2227 347
18 8 5577 18 5578 13
18 224 1822 272 225 3
4856 18 988 462 3969 63
122 4520 21 122 1913 39
21 54 265 267 2227 122
3378 18 224 193 2445 30
3781 18 8 2998 18 3778
124 1320 103 74 206 20
50 290 1135 3 8 147
4555 29 125 8 126 71
315 2614 29 17 2615 92
39 227 537 29 476 318
6198 175 1688 467 292 26
6712 18 122 108 292 122
3 8 1620 18 8 5923
75 2667 103 122 319 604
4661 169 14 17 632 4000
176 30 8896 39 8770 299
124 52 71 846 265 75
3 45 2157 831 18 227
18 795 71 796 92 797
54 761 18 3508 1913 2908
18 22 24 21 3460 18
8 126 2185 209 63 1293
310 29 96 219 90 9059
4082 381 245 47 20 12
3590 18 8 430 39 24
612 1269 14 818 307 1564
52 8 2349 21 54 761
26 23 252 18 8 126
18 8 3164 17 103 8
71 53 8 193 104 707
8 5344 71 5346 381 318
1364 5667 169 579 219 290
8 462 1059 18 2412 265
23 1272 941 18 8 147
220 284 1949 3463 3476 227
1 1 2846 1 1 1
192 2998 124 212 591 39
9362 103 8 2948 29 4978
122 8081 14 7519 39 2303
3406 14 147 8652 318 20
71 40 4646 20 1992 20
227 3836 234 3 8 3837
18 8 2686 2687 30 17
227 4809 71 23 5406 101
8 1673 1834 18 224 29
23 192 311 4653 39 40
24 96 160 1135 14 505
8 4969 17 265 52 3
1378 18 11 212 1446 101
54 209 8043 51 221 18
96 274 52 290 92 1451
18 41 17 21 8 285
1125 759 1626 71 2309 8
209 24 96 40 19 292
39 5062 14 7331 96 75
545 9297 197 17 1218 29
39 27 492 219 124 18
393 262 40 1392 18 8
319 1861 14 1334 71 8
3424 18 7604 21 8 2483
1032 290 18 917 71 40
29 17 71 53 71 293
39 71 216 292 307 122
30 17 21 22 761 18
20 206 125 21 930 732
1081 8 2468 14 2450 996
8 2589 197 17 712 103
610 96 17 1165 71 54
18 8 1132 604 40 19
183 17 30 1135 14 49
227 1231 92 8 145 17
21 22 23 766 29 994
2306 103 8 2913 18 227
126 5349 92 2621 21 96
192 4930 160 18 905 2991
8 1764 18 332 14 2298
8 870 103 29 219 280
17 40 3774 436 2550 39
388 162 14 84 1285 3882
8 541 18 8 188 71
1274 299 318 21 227 3504
8 4766 18 8 414 580
8 962 18 8 2812 18
5451 7195 1573 14 7196 206
73 1279 14 1479 71 8
21 8 2487 18 8036 266
26 3002 175 9304 27 54
29 3 278 51 686 8
996 29 431 2170 14 17
1908 14 71 1971 209 24
591 6379 29 17 591 4766
568 8 7183 20 219 858
212 1000 299 307 29 265
4496 265 7780 591 2401 21
234 212 19 160 1357 71
759 183 265 6736 71 2668
2210 14 2211 2212 224 14
29 5052 5902 586 7440 292
897 17 1281 164 21 328
1692 3 54 8 16 2248
3460 18 122 319 1812 14
357 96 11 12 5421 25
219 487 6650 58 21 122
54 14 117 224 18 8
71 32 347 3734 92 71
355 492 14 266 265 810
29 17 625 18 1341 657
1250 18 845 39 18 478
182 71 218 71 922 29
2913 21 8 2149 14 205
74 20 124 333 97 192
29 17 2406 71 1561 40
26 322 212 1262 2138 117
290 14 600 50 290 1135
3692 75 11 2352 29 6736
8 4235 18 3734 50 2085
29 51 846 8 6845 71
8 3187 2227 3786 17 757
2673 508 17 2406 21 318
2728 685 33 4527 265 9018
1 7220 29 494 8162 810
779 3 40 5112 342 92
2663 18 40 102 73 96
