1409 111 46 10 256 46
31 4459 356 738 6736 31
570 31 63 570 61 4737
102 62 59 3293 46 10
22 41 565 188 10 926
15 59 2758 162 10 2307
31 8 121 7413 1987 406
356 738 218 106 4268 456
31 427 179 31 427 2683
738 14 2123 8 1166 22
669 719 669 456 59 505
46 10 567 31 178 3142
46 10 1134 46 374 111
5013 46 1683 31 783 3017
14 456 15 1002 1 82
72 3010 31 121 4851 78
10 365 46 2561 1123 8455
4681 296 669 1027 20 296
668 33 218 3 127 59
178 3037 246 6539 31 6546
22 246 772 33 1186 59
38 121 47 31 38 121
46 4582 24 3322 121 2646
190 3439 493 78 3387 31
4876 880 8 15 822 55
31 121 2854 121 428 38
46 3172 31 43 921 46
8057 2847 10 1197 46 10
218 10 369 46 10 9339
61 2854 46 10 100 23
10 8257 46 10 2425 41
31 926 10 1595 31 218
2523 10 406 427 392 24
9078 10 9079 356 9080 31
456 15 43 748 55 218
738 7699 719 8 10 365
2484 3736 22 51 78 371
41 593 323 10 1173 46
38 121 1283 1024 59 10
841 10 8068 31 12980 43
356 77 106 464 46 10
10 2107 46 1233 41 1619
31 177 14 305 10 2655
406 719 150 384 4736 1458
2661 10 7914 46 224 3258
10 410 3170 880 23 456
1173 46 10 365 46 1844
10 1069 2123 8 1165 381
2632 31 38 121 799 736
317 111 46 7691 974 127
102 3561 10 315 46 10
6397 61 91 8 3571 188
501 384 43 269 773 31
10 662 271 8544 365 46
10 1235 1722 2373 4 5
356 738 365 8424 367 8427
267 2745 178 1828 43 12
356 738 7121 719 150 125
446 102 246 281 323 13460
2373 583 1027 10 1213 46
46 121 890 2712 246 204
46 374 669 4396 748 1994
719 150 10 91 46 392
2410 204 73 1233 8 281
46 10 5060 46 10 179
41 188 748 31 62 872
3 23 246 544 46 2004
982 122 3901 3901 417 13375
38 2753 31 2559 10 3003
3249 255 22 783 2566 74
123 125 8 3282 125 38
61 91 129 8318 31 154
108 2687 38 3787 38 10
719 150 384 2372 748 2368
356 738 663 446 267 2123
10 2702 91 10 1211 1186
31 890 1232 3405 46 1515
2872 150 668 31 2470 2373
41 9685 31 51 41 29
1544 4173 31 499 2811 656
3728 150 668 218 10 4322
355 2656 3251 8 1865 3901
113 583 1192 129 178 1630
114 406 186 41 457 150
23 41 10 407 46 218
5041 31 121 1890 31 4723
356 1916 1842 10 368 4239
4470 218 22 254 8055 46
505 31 74 31 1913 31
719 424 10 222 3571 322
8 2762 323 125 111 46
406 719 150 355 3125 59
78 10 2099 38 241 46
150 392 22 113 583 193
31 10 3020 267 24 1123
8 621 10 10244 22 5580
31 3675 3669 3676 38 125
61 4000 46 10 241 33
456 281 43 5865 31 43
783 2568 63 10 4875 46
31 669 2746 31 2524 10
121 392 31 113 456 620
657 3166 669 4 1082 748
1 4853 2111 178 499 31
78 59 61 2677 23 102
493 22 446 427 5716 281
22 10 649 7752 31 10
230 46 14337 31 59 15
427 3279 41 269 1191 10
125 59 114 414 4 4478
186 1027 116 1585 1069 72
63 506 123 125 31 456
1123 31 933 125 31 2656
10 896 46 10 4521 1134
31 12788 46 10 951 669
10 408 2664 59 1452 878
22 554 5072 8 281 322
392 31 121 1069 374 356
3252 31 994 191 8 10
872 10 1176 363 880 150
456 267 872 52 5054 3831
805 10 241 46 1076 24
446 113 278 13173 384 113
22 267 583 4785 10 1515
2721 1111 31 671 125 2721
449 2810 61 5004 31 61
738 113 1948 129 4649 31
3046 38 218 121 3252 31
31 1663 3318 31 1663 1232
121 493 269 38 374 31
1098 192 113 2992 805 22
46 5783 22 41 1649 123
31 669 62 1913 38 1585
31 55 10 5331 46 10
1096 55 10 12614 31 121
61 91 1200 13328 1734 38
77 669 4 2055 46 10
15 10725 150 61 6434 91
449 122 108 991 22 663
2927 31 2928 31 2929 388
3903 31 8520 31 8526 1186
2373 4 234 3303 365 31
356 738 669 62 328 716
581 50 669 4 1154 3201
352 188 1452 841 449 2063
356 1916 3726 1233 805 669
581 10025 16 121 1081 102
222 114 59 46 668 90
356 5790 8 125 22 1548
1069 2524 121 1295 31 121
150 384 7231 8843 10 4072
23 669 1720 748 106 661
51 246 234 841 125 841
3 8 281 356 10734 2755
15 3044 371 10 3369 46
218 106 356 411 2612 3033
7283 3237 31 719 356 2699
1128 656 570 31 656 560
106 41 267 46 998 14
179 46 374 278 147 38
356 77 449 2502 46 392
121 3456 31 381 121 2721
218 10 1069 8 998 783
1069 22 2373 108 2989 272
267 456 57 323 427 4743
8 3371 14 31 6108 43
14137 12110 31 680 38 560
38 1585 197 311 127 2373
7515 3976 2123 323 10 2677
16 243 13997 22 581 305
3279 150 668 656 10 365
374 15 1648 322 656 10
504 46 570 31 4 565
22 1707 326 188 14 31
31 1024 384 8477 668 14
46 846 31 218 10 896
669 1354 2604 8 2524 403
31 267 3033 116 10 787
427 1111 31 427 407 150
31 872 192 38 7214 305
168 456 14 15 565 8
31 1825 61 2958 123 748
2614 783 2603 1585 2268 2610
10 2240 4951 46 10 4868
111 46 10 82 14151 14
4696 31 10 179 46 374
31 9987 13765 286 8 960
3519 10 2646 46 392 23
2780 125 841 10 8070 43
456 15 10 2669 46 1090
738 10 428 46 4421 8
31 2123 31 7189 121 1503
46 121 428 23 267 278
2612 2609 31 2603 591 311
22 783 2610 2467 388 783
2700 31 113 1835 8665 31
46 10 406 323 10 4136
50 783 3031 2565 1585 3528
10 179 46 374 278 154
738 446 267 78 281 323
8 6054 38 10 408 46
3420 15 643 305 10 919
2270 2624 2612 25 31 2612
154 707 10 4516 456 281
560 3204 55 61 944 123
4422 356 2523 669 62 2762
2502 78 72 10 627 46
532 125 123 106 408 31
46 8278 38 10 152 879
267 22 10164 31 1707 8
669 2187 8 125 23 4412
356 738 10 382 456 57
3119 1679 55 384 31 367
356 2623 2568 2320 10 3255
12287 267 15 456 15 1154
2647 188 926 456 1027 31
267 456 59 2467 500 38
356 738 10 4743 46 10
1353 31 1548 322 323 10
234 806 150 392 31 669
3004 31 4409 111 178 1081
31 1515 23 669 4 593
72 64 91 319 414 62
6167 3595 783 3017 6084 123
408 46 2412 317 46 10
356 738 10 406 719 150
58 473 8 218 22 41
46 10 2398 8 103 43
2540 15 679 841 288 61
10 4390 46 10 1752 55
150 554 150 10 2655 46
33 14 9992 10 2493 31
2606 384 16 220 23 719
702 105 3735 162 387 7658
356 5539 22 274 46 384
841 10 4062 46 374 72
1 1034 78 1002 10 3764
1916 2373 456 281 116 805
31 10 4416 22 41 1230
738 663 12613 1070 150 10
10 2784 46 5961 656 5985
190 1165 106 543 41 188
356 356 738 1037 719 1987
10 256 281 446 2373 456
669 4 1842 427 179 155
319 356 2661 2373 15 281
957 64 43 1218 31 10
61 91 46 998 267 583
2099 46 8475 319 2807 31
352 31 5787 14 31 2673
1134 46 10 406 31 10
46 6006 10 2099 46 5547
178 2122 15 4533 22 113
7747 10 2099 46 8254 31
38 10 2546 46 10 406
4541 125 111 46 178 3181
20 186 1794 213 9369 2381
1232 31 3178 3318 636 222
102 583 74 14 356 356
872 841 78 4559 150 384
2503 20 46 2514 38 52
1069 22 41 38 288 61
2087 33 61 7794 3997 41
3617 46 61 5588 8 3029
113 108 532 272 384 22
5007 1513 43 887 757 2794
77 10 5114 64 41 154
375 429 55 384 267 2563
4 456 15 46 10 5475
384 31 719 150 384 974
3044 46 125 246 3488 31
2524 61 220 12789 628 116
257 8 1027 46 10 1619
121 1173 31 267 2563 384
554 2434 150 4415 4491 111
1189 46 427 1069 23 783
532 323 10 1134 46 10
10 6071 4939 31 4654 876
202 327 10 662 2737 669
1032 322 129 318 31 2524
22 950 31 12839 46 5331
1595 22 783 3017 4068 188
9276 113 456 15 72 7016
356 356 2523 10 1409 281
72 34 10 1069 387 3736
356 77 644 41 181 46
220 2296 1200 12813 46 10
951 669 2473 1002 38 12790
46 172 22 447 178 877
10 1009 2523 560 292 356
31 3087 38 10 7629 31
10 319 46 663 1283 15
10 1595 31 5744 38 10
5211 5356 111 46 218 10
178 1441 1283 15 3470 153
55 10 1033 1034 504 46
113 154 111 10 3187 22
7298 46 52 392 20 91
55 669 4 7670 570 8
414 208 1675 8 193 288
267 2563 10 1663 5434 31
356 356 738 2524 10 6209
356 2623 38 427 3279 2612
31 43 846 113 4961 14
456 2467 150 570 55 243
446 102 278 2589 102 1154
446 113 317 14 113 5219
841 10 225 2063 46 10
387 1027 2493 72 3010 31
31 9603 8 115 116 1585
4871 46 10 2398 31 8
155 59 55 10 300 33
356 341 311 669 58 22
634 3580 880 31 363 46
8212 2774 38 305 10 3247
493 46 10 2677 78 1002
43 10 1187 31 208 59
77 113 456 621 46 427
783 2568 1702 43 10 938
8012 10 2296 1186 38 805
328 178 562 150 10 8120
3111 1173 123 748 31 669
926 31 51 78 59 61
5404 31 10 1069 456 6510
10 105 2373 456 257 10
261 4292 43 172 22 4102
3659 1186 805 121 1503 31
938 1230 570 31 669 62
2874 10 3037 31 10 4494
10 2221 23 245 14 15
61 2702 91 6314 841 10
3127 3703 31 6178 46 10
3830 31 10 2850 46 125
127 73 31 2373 63 125
705 46 106 12885 1017 2373
9456 9596 356 8031 9787 8187
222 105 162 10 681 46
12175 1277 384 267 271 4168
2122 46 3007 31 38 10
1585 3252 8 58 22 23
4 2275 106 20 22 285
2373 456 2320 8 58 55
328 54 570 38 10 1173
738 392 1123 668 656 570
150 748 31 114 150 748
738 267 719 669 2473 3659
22 127 288 102 1720 31
62 59 3277 125 446 121
10 2296 456 5192 384 2766
113 456 3046 1987 406 38
61 4790 38 10 971 38
10 2420 31 59 15 772
113 456 872 841 225 3820
392 8 2565 121 3529 31
1 179 46 2729 2933 31
904 31 278 3334 218 22
1186 116 323 10 2958 1739
257 49 150 10 392 46
59 4746 4747 1578 59 177
43 61 3996 315 13132 281
160 662 31 46 269 402
328 10 1734 46 10 1077
4879 2920 192 272 2733 2752
6497 188 6497 1514 61 1012
183 15 1845 43 10 406
256 22 2373 108 15 4094
2373 456 1449 10 2213 46
2387 62 2467 8 121 1609
2547 46 6881 6991 125 966
7459 2563 384 31 154 384
10 241 6314 16 23 246
14 41 772 669 761 31
23 267 9811 1145 22 267
267 456 1224 125 129 10
783 38 318 178 2245 31
10 915 46 846 23 2373
34 78 59 10 4935 643
1663 2500 23 783 3313 38
13073 150 668 31 628 31
113 108 3621 1452 51 61
1180 246 10 9188 46 125
10 408 129 10 3079 46
8 10 2107 46 10 3248
222 22 2123 116 111 46
669 62 872 61 240 938
62 1673 524 10 5487 46
2753 31 10 2755 46 14
504 121 440 78 1354 129
2412 656 10 179 46 374
4 5449 668 38 22 113
243 2810 46 410 1541 1649
11354 473 8 10 12728 46
58 328 1514 38 427 1353
716 427 4749 3450 8 3979
998 783 8463 2161 748 319
841 10 3296 446 113 246
439 22 2604 246 6311 129
55 102 4 104 1283 123
7508 7716 31 7715 31 7718
2725 8 31 2797 1080 10
748 8 15 61 1269 1069
593 668 10 3118 46 427
55 3111 396 2624 31 62
738 669 62 437 116 55
10 3252 46 10 406 31
10 1192 46 10 6209 46
450 31 178 1041 31 178
1098 204 246 46 10 179
1987 406 1585 392 3111 682
4789 50 61 2540 2588 52
10 3162 23 5707 188 10
14 78 10 9160 22 10
1186 323 10 8217 46 10
1069 1548 449 91 150 121
188 10 1040 46 10 3291
2473 22 669 108 1058 384
444 22 2515 188 10 926
243 4750 20 5004 22 24
356 738 168 783 2568 58
46 6580 5597 31 113 1172
456 3341 16 10 392 46
118 1847 10 3172 46 10
684 38 1010 669 1108 59
62 669 1968 55 79 31
46 10 240 2020 23 41
46 3034 246 593 125 111
8 74 31 8 687 31
328 127 2780 1649 43 3580
31 10 520 153 1503 1272
738 113 3446 384 319 12665
305 815 1548 59 8 1844
738 113 3198 322 31 387
8 1166 22 446 218 10
738 14 78 168 22 446
384 31 4049 150 570 22
671 305 218 121 408 111
208 204 13750 11781 6305 1024
3486 4 5270 1517 38 125
680 31 370 123 702 31
805 10 2590 46 10 3693
125 669 10 392 46 374
356 356 738 267 2789 8
2582 3068 524 121 787 446
218 10 346 31 218 10
116 2715 1541 111 46 10
46 243 4685 31 10 143
2794 5312 8 2223 3130 46
10 179 46 3301 246 1842
13734 736 41 2617 123 392
10 1211 319 587 2563 160
356 411 267 456 2571 38
50 783 1250 9865 427 499
62 222 716 61 7163 46
3030 72 10 5236 31 245
1290 26 302 267 619 373
4826 10 4560 150 10 406
356 738 669 4 2745 384
4 2055 61 1544 2644 31
356 738 267 872 125 841
10 2844 46 10 2398 504
406 104 91 456 620 51
456 15 150 384 8 2653
3272 3208 31 2123 150 384
72 43 243 2560 1528 656
2661 61 1694 3252 445 10
10 91 22 278 10 6497
3255 10 85 661 22 3192
456 15 188 218 10 346
356 4260 55 427 1076 20
656 10 4871 46 10 2398
121 1609 3901 8 10 1560
8808 91 55 52 1360 46
218 560 1289 22 59 64
4072 46 10 3430 363 46
421 188 427 392 50 168
2816 1218 43 61 1039 20
41 3111 31 4078 41 3111
328 271 125 116 8 5190
5011 1191 10 5012 46 10
381 10 4470 246 3044 129
738 10 1342 1128 192 38
1039 31 10 225 1662 2270
3046 1987 406 38 10 147
43 1543 356 1577 14 1283
2892 46 786 396 1040 62
46 10 408 22 246 1154
10 406 456 532 668 191
1013 10 1077 46 91 41
8192 456 267 59 1549 31
1720 10 2990 188 748 38
55 10 2747 1722 41 10
3820 31 121 419 31 121
91 1707 305 243 12246 446
356 2523 2373 3320 55 3023
738 267 271 3703 150 125
671 663 446 267 278 5373
356 3110 995 1987 10696 46
1398 668 1721 188 3007 188
178 396 3252 31 178 2540
77 2373 642 7794 1970 3120
46 10 3936 72 61 5189
738 663 2774 31 2993 1080
356 1577 113 583 505 31
6419 46 121 3600 31 43
1589 22 78 1074 55 392
2373 281 111 72 123 61
61 662 46 649 31 61
3653 46 10 12674 186 4
4981 116 10 3187 38 786
5436 371 2568 783 2762 52
121 4996 31 267 1172 188
328 8642 10 428 46 6680
3359 10 2514 31 121 2516
46 10 7605 31 123 10
442 113 717 38 10 819
502 113 31 178 3014 246
10 39 583 699 22 783
64 43 121 493 456 113
363 150 3007 31 758 4242
11931 46 10 2339 23 267
456 4619 121 1544 2644 31
31 1825 14 323 10 1595
3251 31 113 192 1186 59
62 3414 748 61 91 111
61 6511 474 8 13462 31
322 188 10 3134 2975 2634
9406 10 4416 78 4072 31
1509 31 267 456 257 384
222 46 6487 246 890 3318
41 6100 322 55 10 7308
4565 893 371 456 10 2647
2707 8 584 31 267 3890
23 246 59 1585 1069 2623
1189 880 267 62 59 58
55 10 13892 46 10 348
278 4754 1585 5070 31 178
79 388 55 79 31 79
222 46 10 926 55 16
10 4540 46 5283 190 1173
619 33 103 10 3 23
46 121 799 1890 188 10
356 356 1 410 2398 155
234 1062 150 668 10 12885
356 77 427 2697 2926 78
2245 446 427 9951 78 188
427 2268 456 103 150 3007
2373 456 74 22 669 2473
4696 3068 218 10 1353 46
127 232 23 3046 1098 570
2478 356 1916 8255 719 2699
267 2780 125 841 10 8070
121 3181 31 50 52 46
1657 390 267 719 2807 390
59 72 2641 23 4 104
3156 2637 191 31 261 1037
2123 272 31 2615 1773 72
46 374 2670 43 10 352
6990 72 354 8 10 269
504 267 234 302 10 1077
6049 456 15 5545 150 570
10 3001 2063 31 7261 2714
150 3659 3281 669 4 1128
31 113 456 15 8 570
4112 46 1452 7845 31 62
1086 116 121 402 31 121
188 384 31 267 456 621
356 2605 16 10 1040 46
2467 841 10 1196 211 560
668 8 63 668 8 3816
524 31 1024 10 1192 1027
31 160 4230 671 384 8
31 6112 22 102 583 114
257 6479 877 8 72 73
31 10 4860 46 121 787
64 1515 5601 10 660 686
46 10 406 46 23 10
1953 10 2677 22 267 4240
2504 1191 10 926 38 10
419 31 121 2712 31 121
34 61 821 1012 1063 31
243 3354 31 872 272 121
15 3242 31 669 62 103
736 356 738 59 11538 10
2568 15 7525 504 427 4878
1585 9841 1034 31 1128 4920
456 104 91 620 51 371
46 10 1033 1735 46 920
638 46 121 894 31 113
111 3111 1173 188 3520 31
43 178 348 822 31 1255
150 10 315 46 10 406
738 111 46 10 5060 46
738 10 419 46 2727 22
127 305 516 31 43 10
43 5309 129 64 2063 46
319 202 456 2373 58 38
267 4098 113 1128 893 656
356 411 10 1069 22 3461
77 1272 327 10 406 46
267 78 6314 38 61 2820
111 150 10 2063 46 6607
12779 3571 59 322 38 10
1649 10 4363 31 1649 10
121 157 31 12849 384 31
560 892 768 62 328 4333
971 31 2563 10 4851 46
2579 31 46 10 2514 22
296 102 456 58 150 10
7752 46 10 894 23 8564
10 2921 46 5774 23 41
14416 2444 31 114 150 384
2270 46 10 222 22 63
374 317 46 10 1264 23
23 41 593 150 384 22
31 368 4239 31 1113 31
10 3397 46 1645 121 428
272 560 2468 669 62 3228
31 456 15 6102 72 10
323 10 2468 46 10 179
59 55 10 300 33 55
365 31 154 10 365 197
356 738 55 61 3736 46
381 61 1097 23 41 1010
2668 2099 1027 783 4120 504
43 125 841 3358 2063 3034
3141 46 427 4108 208 62
356 77 669 114 150 570
2798 116 31 10 2595 874
8 449 64 61 5021 46
8 1865 8199 31 719 150
104 543 2354 8 10 1701
319 974 213 106 91 257
59 2741 10 876 880 16
543 123 748 111 46 786
388 269 31 2454 211 10185
406 234 16 1838 38 10
318 319 150 668 14536 116
878 46 1452 2468 31 1024
4898 6497 41 1657 111 1080
1080 1585 11644 23 669 278
31 1483 46 2556 178 10396
565 204 3 841 10 4675
10 3067 661 46 10 126
384 33 2563 10 1752 1694
4566 31 2373 456 3138 560
493 596 10083 38 384 456
4495 118 10 451 363 46
962 1098 125 23 127 933
51 456 59 243 4860 2467
1541 31 3487 267 719 356
10 4239 31 10 4470 31
125 72 372 72 10 1543
41 14 22 10 406 1070
10 11046 4242 46 10 2616
5547 356 1 2099 46 8700
38 684 43 218 560 440
10 1069 456 3399 427 3201
2523 669 3414 243 4257 656
72 34 4105 55 160 665
411 267 22 5979 204 3
129 732 1548 2373 8 5693
738 10 1210 246 4574 188
319 2605 234 748 61 4072
2582 31 1452 2712 22 2687
384 218 22 246 8210 31
356 738 113 2563 2077 31
1024 10 3717 15 5578 150
396 229 388 72 113 4
5189 46 14 456 3203 121
168 3518 22 113 254 59
52 848 2793 2484 22 669
1224 10 3299 328 323 560
31 3585 111 43 61 3996
748 31 649 456 281 111
121 5060 31 8 121 5388
311 3174 113 1216 22 113
356 3588 1076 328 1987 392
1534 62 669 257 323 10
2568 59 532 10 3653 46
419 46 3849 4463 31 4464
716 16 1743 427 2712 129
1577 113 583 3046 38 1585
1134 46 374 22 127 1098
10 2485 22 267 2656 116
22 783 2566 281 38 150
257 384 456 441 4688 33
819 46 877 129 10 1197
1642 31 3638 388 150 3645
43 10 1864 880 31 10
504 113 4 4519 123 748
10 1069 22 78 43 384
456 2151 192 8 748 305
356 356 738 204 127 10
31 3944 125 38 121 3159
50 52 91 4 59 10
783 3951 31 328 1430 3181
46 10 408 46 1090 356
55 208 2123 113 566 10
8 1965 218 225 1921 245
22 10 7310 154 116 10
12567 1401 13297 31 13449 368
668 3045 1458 748 322 3208
368 46 10 4003 22 246
9605 31 427 3037 456 59
3415 46 10 2339 31 1358
13132 8243 33 669 1548 22
1360 46 91 78 267 23
5316 1987 815 23 456 441
800 31 2599 125 16 2754
3390 429 31 2178 322 43
14 2123 8 1166 446 2373
402 8 754 10 419 46
10 2600 46 10 4239 31
1545 669 4 1825 125 659
46 6833 278 294 398 43
392 23 267 367 570 31
1056 748 4333 10 3717 46
12 447 499 31 3825 14
538 539 540 541 542 178
10 11008 878 656 10 2820
356 2523 22 1272 456 10
1663 1232 636 222 6937 449
10 222 22 1186 38 1560
59 388 960 2411 801 570
1541 8 15 1128 9267 1541
669 456 1027 10 4560 43
3296 504 267 92 4 1062
11900 2623 2568 59 58 106
1134 10 1448 46 14 78
4738 392 267 62 59 4333
2472 2473 669 1514 102 127
62 1056 10 768 31 267
121 392 31 719 406 14
265 41 457 10 265 46
160 8003 41 106 10 944
10 9565 23 246 841 106
38 427 14258 14259 31 427
2540 3799 608 388 10709 55
8 10 955 46 218 10
2159 31 719 2623 662 23
8200 41 52 444 20 22
267 1678 10 9944 46 10
384 31 121 10060 41 59
59 669 1056 748 5628 72
46 1090 188 178 4483 188
10 406 160 392 102 4
841 10 662 111 46 61
10 1213 1010 2123 186 41
4441 4130 499 8 384 22
4 102 544 168 29 123
15 154 38 656 384 33
442 663 2123 191 323 13201
10 1031 23 4913 10 134
10 4690 55 6397 46 61
560 7762 15 3973 31 311
381 10 2099 46 7274 61
738 62 63 786 1134 457
668 7376 51 2787 104 2665
10 2653 46 427 1069 374
427 183 179 456 2834 322
10 406 46 4582 2523 669
129 256 8 256 43 125
2665 113 456 2958 116 43
2602 127 10 2590 46 5693
2540 31 43 218 427 736
11783 31 12827 8 3561 9578
4873 55 10 758 4880 46
5060 46 3637 246 1054 2715
121 256 31 121 4896 456
786 4783 2696 31 669 62
524 55 10 2047 46 1452
719 8 3845 10 9913 2668
10 3262 46 5788 504 46
7429 31 1123 323 10 408
131 271 150 10 1663 3246
23 267 278 1430 129 2958
5443 178 4778 31 178 3013
2373 4 59 3372 1585 315
34 121 2122 127 188 178
10 1081 46 10 1289 46
662 38 10 82 31 22
110 2714 1232 38 1448 43
10 4470 38 8 58 178
4959 31 154 384 8 10
10 6946 46 10 3247 246
1223 1585 7297 188 2604 669
46 578 168 8 2072 218
669 4 104 496 46 748
3510 43 560 1173 319 414
320 12623 3198 211 38 10
356 2387 208 22 14007 8
34 150 10 406 178 392
8 1166 50 2373 62 2081
2610 59 3617 162 22 783
24 267 593 218 22 267
1069 218 10 1327 46 10
59 566 2341 38 288 13879
52 22 10394 1264 22 1696
748 936 4121 46 920 3943
456 872 232 46 10 1081
114 150 384 55 102 619
10 9339 23 246 43 384
91 38 427 2815 31 1024
77 113 4 4836 10 1528
46 9444 365 46 9442 61
10 4572 8 281 38 150
38 392 1283 15 2323 8
131 880 129 3525 10 269
31 6713 2713 3037 43 178
1002 384 150 10 2398 31
356 738 73 105 761 504
356 1577 23 669 103 669
305 52 256 113 108 15
2668 2644 31 1585 893 55
183 46 10 4470 473 8
365 31 719 150 10 365
5507 23 456 15 5507 46
1585 1623 1111 31 872 427
1189 46 10 2677 1080 10
10 10469 46 121 2468 267
719 150 554 2523 106 661
446 669 456 418 1585 2465
129 318 31 10 205 5851
3296 1277 106 256 38 10
6248 38 121 3821 61 6072
493 5058 10 2099 46 5059
702 1058 319 414 127 10
738 446 14 78 2484 121
1585 440 22 106 328 41
758 278 64 2517 72 50
783 106 444 46 3030 20
3130 356 738 61 1664 2794
77 267 41 12 55 121
7123 8 10 179 46 1452
10 2980 1190 456 15 72
8 449 637 61 363 31
2737 24 544 186 213 33
1675 46 10 1213 1083 111
2099 46 7908 61 7472 2657
31 418 14 841 2749 31
33 841 61 1132 31 14
8185 55 10 7915 31 55
78 1701 31 734 5613 55
8808 38 218 403 31 3515
31 10 365 46 2928 31
267 2123 8 384 2524 267
1166 129 22 256 272 22
23 41 1657 322 38 10
22 246 3044 46 10 4470
23 127 188 10 926 9362
51 78 1527 5181 8 125
444 1085 10 365 31 267
31 61 886 46 921 305
406 427 392 456 5735 783
34 267 4573 22 267 92
31 22 374 328 78 278
748 38 841 449 2063 356
10 1189 46 10 1838 38
1090 10 368 46 178 2665
1058 31 55 106 669 63
4 1154 384 46 998 554
8 532 116 10 2747 46
39 41 3111 31 10 776
10696 46 374 783 22 10697
241 55 218 1360 46 4540
31 178 4941 456 15 46
10 13891 46 10 1209 46
121 179 23 267 278 38
10 406 2812 61 838 2813
222 23 246 7377 456 4681
4889 55 449 4882 31 771
581 24 14 5 38 641
23 24 456 15 593 31
2559 10 2560 456 15 1033
656 43 384 38 10 2677
738 783 2568 63 2754 4909
1128 881 656 125 31 4707
388 3178 222 1739 178 7762
554 78 181 31 78 3119
267 10083 59 10 467 22
31 2644 55 2653 783 3651
23 10 406 427 392 1133
3859 121 2099 8825 121 2099
23 502 10 3312 46 449
5125 46 3210 4066 31 4859
46 64 1294 150 384 129
669 62 1506 1585 3142 319
356 738 10 126 2514 78
2270 2624 504 113 74 59
2517 46 563 1213 31 55
15 1354 390 31 154 8
10 4408 46 427 1734 31
2373 1134 46 374 327 10
10 1069 566 668 356 738
669 619 338 8 10 2998
46 10 1077 46 91 15
55 663 278 13220 302 966
7472 22 41 3515 38 5399
641 10 911 31 10 1489
125 4060 10 179 46 10
3312 127 1506 150 178 10663
31 2806 661 46 10 879
4051 218 2958 1642 319 2763
9589 111 31 10 6541 4059
456 2313 656 668 8 3352
1561 8 1548 8 621 14
90 408 46 1683 31 4523
356 738 10 179 46 4335
7897 446 669 4 9445 1585
392 24 671 14 323 786
125 323 10 884 46 2442
356 738 267 271 61 4408
34 61 372 444 38 427
10 3529 23 669 4 367
22 267 456 1056 55 14
10 800 719 150 8255 2523
2810 473 8 10 4408 23
183 4 102 5 38 61
323 10 3104 31 669 62
46 61 5021 46 5700 31
1585 54 41 59 3111 8
1283 10457 392 55 121 3279
663 317 14 267 4140 31
106 3141 456 59 15 7323
1585 1069 2687 22 104 4501
3233 783 1128 786 2122 188
830 22 446 669 31 783
10933 440 23 24 2992 129
8 1166 446 10 8303 3985
566 2062 1739 566 668 360
55 61 1145 150 218 657
10729 172 1409 104 1213 108
2612 4052 10 392 46 427
3318 11440 38 2753 31 38
356 738 663 3446 384 319
10248 123 748 449 64 43
356 738 267 456 3352 46
392 55 783 2612 2650 16
82 59 1825 116 356 518
668 3559 881 22 669 583
12230 204 222 1987 365 4
46 6556 10 365 46 6558
121 1134 31 1649 218 22
1354 55 668 1585 3596 323
1196 31 8 5357 121 2818
31 8847 43 1452 5469 31
91 311 973 121 396 82
880 456 15 46 920 846
456 281 1074 8 1296 150
188 10 2784 46 374 16
31 267 22 2535 748 1987
1916 10 2296 456 1032 841
129 10 971 31 1024 125
570 356 738 3951 10 11366
669 1283 9692 384 1098 10
113 278 7294 55 192 38
906 1452 3547 31 1452 4749
322 323 10 1134 371 57
10 2099 46 9214 31 8012
2063 31 43 3331 31 12179
38 2963 31 38 2960 31
31 456 15 1897 150 121
22 669 583 103 204 1327
8 3111 396 408 31 8
427 10425 38 10 2485 55
1173 46 392 78 8 257
5069 160 3226 365 381 24
62 10 662 63 188 10
408 3004 50 51 15 4422
10 681 46 10 410 926
1134 23 669 4 404 55
121 680 356 1577 10 365
10 493 46 10 406 8
10368 188 3603 10478 90 10365
446 554 2111 116 121 1173
356 2387 24 2745 10 7304
12189 1034 323 10 1595 31
4084 783 2987 46 10 12614
583 4619 14 33 10 1701
1409 46 355 10 1211 371
6950 31 218 222 46 6487
31 267 2445 188 10 2810
456 15 2745 43 10 682
14 2123 8 1166 446 355
218 1069 22 127 188 10
406 22 1585 1069 41 1430
410 4851 108 15 1825 323
3125 188 3111 3172 31 1585
392 23 41 593 668 8
1 406 367 16 10 1173
3103 31 669 590 59 22
10 896 246 591 22 2582
1069 46 10 408 4707 31
5352 31 16 10 1081 46
246 8713 31 8714 31 8715
668 218 10 2907 38 374
4722 113 2504 966 72 243
1420 22 121 2077 78 59
570 46 218 560 5352 356
38 10 2013 319 4138 2373
