171 130 170 233 199 271
326 248 208 350 510 262
44 8 96 67 68 70
526 175 541 145 12 130
33 1 15 45 155 32
50 14 90 44 289 59
338 565 175 362 356 130
1029 1035 287 1000 1050 1009
70 10 14 21 24 59
328 295 264 323 275 216
596 516 518 635 517 1093
118 117 297 100 138 86
18 82 210 285 475 21
8 36 44 57 14 21
507 293 5 313 454 242
96 31 57 37 82 181
1631 1092 116 165 180 2318
13 8 18 2 68 135
48 1 45 155 147 2
181 68 14 21 24 97
289 183 249 196 765 345
1362 425 416 336 321 1376
131 155 118 27 135 13
304 128 54 55 94 56
39 51 3 72 109 182
67 97 96 8 82 21
30 243 306 494 326 506
295 264 275 216 328 376
902 912 1071 1040 168 900
521 1568 1924 1933 1524 1530
324 532 399 315 519 611
442 586 431 401 391 310
233 512 248 178 232 271
14 10 21 82 36 59
541 506 178 234 171 228
23 4 262 271 200 248
323 275 136 264 111 376
119 73 27 148 140 133
124 156 156 156 156 249
178 362 228 7 23 271
48 46 49 48 49 45
253 254 153 193 225 151
1060 988 1003 1171 1182 1179
131 13 2 18 90 50
120 161 225 119 192 166
494 338 175 511 362 266
117 59 36 181 97 70
72 63 420 3 461 215
26 81 494 511 350 306
399 97 181 430 98 519
2 44 135 13 8 10
176 306 490 338 493 676
97 117 197 104 138 100
170 362 306 81 208 23
155 147 13 90 44 36
1552 1566 336 1567 1694 1558
835 798 2072 828 796 805
538 1504 533 499 1418 1435
17 17 17 17 17 17
147 2 8 37 36 18
99 140 148 29 27 133
181 118 30 37 534 197
17 46 48 33 47 1
155 147 135 131 2 18
168 253 50 153 96 18
490 338 493 676 510 326
279 275 376 328 165 296
544 58 80 28 462 72
104 249 196 124 349 183
44 46 48 1 49 30
90 50 10 24 147 2
99 148 29 27 120 73
506 511 510 309 512 350
30 319 532 70 366 97
147 131 13 2 18 96
48 47 1 15 45 17
254 222 225 185 42 161
193 185 225 719 148 133
21 98 10 86 102 221
17 17 17 17 17 17
181 117 118 156 138 139
232 233 248 4 266 362
24 21 82 156 104 138
49 32 15 47 33 2
37 30 36 31 68 97
289 249 196 641 86 138
326 338 175 81 204 306
151 140 42 161 161 193
138 100 274 297 102 293
900 344 20 430 400 98
26 97 118 10 50 98
435 427 140 99 473 428
99 168 254 2503 140 73
527 7 511 228 208 124
117 67 10 98 118 715
90 70 117 30 82 18
49 48 1 45 32 15
82 23 541 306 21 493
490 178 494 200 309 234
121 124 151 225 253 192
68 279 295 117 101 216
96 70 155 131 147 31
17 17 17 17 17 17
31 90 98 10 21 82
98 447 594 217 440 103
17 1 15 48 45 32
178 511 175 7 527 176
96 31 24 14 70 21
221 641 102 138 297 102
68 70 48 1 46 33
33 49 98 197 37 21
2 147 131 90 13 8
1074 1092 202 101 164 216
17 17 17 17 17 17
51 29 72 99 73 166
494 511 512 81 170 338
15 32 155 147 131 135
30 96 181 36 135 8
67 70 98 117 155 135
68 57 117 124 29 27
67 68 44 8 97 50
117 36 31 68 70 97
70 90 98 57 97 44
98 118 124 124 27 51
82 96 37 67 70 98
104 221 274 100 102 297
145 175 243 130 170 494
193 161 161 185 120 225
147 50 57 70 37 14
120 2 59 24 14 37
236 277 180 43 202 328
50 21 24 1 135 90
29 72 457 418 907 912
248 207 335 17 369 339
67 1 18 279 50 275
376 43 142 295 264 279
162 122 383 384 341 72
135 131 2 8 44 50
349 26 81 490 493 494
2 13 131 90 96 8
37 31 30 10 36 67
431 432 453 442 2 18
173 304 11 281 407 40
1294 1184 935 1300 924 932
753 444 287 1034 162 384
45 67 32 70 147 117
57 31 82 68 67 24
2 131 18 135 50 44
57 50 30 18 31 565
17 15 46 32 45 48
400 430 464 20 344 22
1074 116 180 165 2318 277
2 147 131 90 18 50
10 59 67 17 46 33
2 13 44 18 8 21
7 326 494 350 271 171
18 30 31 98 14 67
407 281 11 40 54 94
17 17 17 17 17 17
50 90 31 44 8 131
176 541 178 12 208 326
18 131 57 46 49 30
437 437 920 577 1253 1231
424 384 383 473 435 308
192 99 73 120 140 119
82 24 59 57 96 14
3 266 72 182 28 209
376 328 24 36 117 97
249 86 100 221 274 293
68 8 44 98 50 30
96 297 57 14 24 82
68 37 97 27 181 99
67 181 70 98 118 117
13 8 82 57 14 31
296 277 279 116 322 376
279 142 295 328 264 101
225 153 185 215 270 873
37 67 31 30 68 70
109 187 420 298 30 461
989 1026 1053 308 1041 1034
253 193 161 192 900 72
45 8 17 1 49 46
818 846 819 795 795 795
211 232 228 23 4 262
82 328 44 24 57 164
10 1689 82 29 37 72
586 715 252 310 421 163
7 266 233 145 565 208
17 48 15 49 1 46
147 131 90 13 8 44
140 51 27 121 72 166
92 182 28 109 112 72
49 48 46 49 1 15
289 765 139 829 98 100
50 14 37 118 82 117
17 17 17 17 17 17
14 21 82 24 59 37
262 356 234 199 228 362
362 200 208 356 326 806
526 541 130 177 7 234
10 155 117 37 2 31
181 118 117 2161 29 98
253 153 151 161 225 192
282 138 100 297 102 274
1098 72 1119 1124 365 947
32 131 46 1 57 59
9 115 18 285 33 210
242 5 293 9 115 132
185 192 161 225 2091 133
26 156 81 437 243 511
156 138 104 139 183 196
135 2 13 90 44 8
135 13 90 8 2 131
47 131 33 44 8 10
1388 17 1399 1402 1403 1409
63 298 187 3 28 182
391 401 231 231 251 250
512 170 527 178 262 248
155 135 147 2 13 8
368 416 346 352 359 355
102 138 274 100 221 282
266 211 232 23 51 72
464 519 20 344 22 611
341 384 308 553 673 672
1000 1053 607 520 753 1050
138 98 104 86 221 297
45 2 1 15 135 18
97 117 118 181 700 700
512 527 526 356 362 176
67 10 82 181 118 117
356 526 176 171 12 204
18 30 68 70 97 98
97 147 82 135 181 14
138 104 289 249 196 641
131 135 90 8 18 30
100 98 313 5 662 314
461 81 204 178 200 234
350 512 510 527 526 338
804 521 875 856 876 499
67 98 98 50 14 10
916 855 458 201 575 450
138 289 139 249 196 183
384 341 1000 308 1009 989
36 24 98 68 181 37
1 48 47 32 135 90
18 155 2 13 44 36
254 168 151 225 153 192
383 1119 341 365 534 448
97 24 57 98 118 181
131 67 70 18 181 59
506 356 175 200 490 266
490 7 211 248 233 199
511 506 243 306 565 338
68 98 70 181 117 118
15 36 68 117 98 96
18 155 2 131 90 24
281 128 40 94 297 197
356 506 362 176 541 175
1027 341 1013 969 1029 1004
63 51 72 109 447 182
44 8 181 30 31 50
44 10 50 21 17 57
129 164 142 202 279 295
48 49 45 15 33 47
323 328 165 180 296 43
30 68 31 70 98 117
1700 653 657 654 345 685
163 25 77 756 163 77
181 117 96 118 14 197
48 147 155 37 135 2
97 1006 29 457 900 168
8 44 50 57 10 14
27 99 120 119 73 148
44 59 37 24 21 82
59 97 37 36 67 68
17 49 48 1 135 8
181 156 156 156 210 156
98 70 67 181 117 118
59 2 98 10 82 70
494 4 177 266 737 958
225 192 42 306 243 493
73 140 254 119 151 253
24 21 82 59 37 36
275 216 328 164 376 101
147 131 90 8 44 21
59 117 37 36 118 97
46 48 33 1 45 15
234 266 512 271 262 511
2 147 135 18 90 131
541 211 233 248 266 130
37 118 117 746 1107 1129
8 135 44 96 50 82
143 235 247 784 783 776
57 328 216 10 164 264
17 17 17 17 17 17
503 495 927 308 384 103
510 511 512 356 527 350
248 266 1198 28 409 3
82 24 36 181 59 96
96 68 37 21 181 97
142 279 136 202 275 376
102 641 274 100 184 146
82 37 59 67 97 68
48 33 470 412 90 324
328 216 264 101 323 136
1092 181 1631 165 101 292
57 282 138 36 221 10
68 82 37 31 98 97
14 21 24 82 59 37
44 46 48 45 90 2
156 139 289 467 104 343
96 129 264 142 202 279
356 145 130 208 232 233
18 15 32 147 135 2
219 194 154 522 662 126
828 910 1160 910 111 1167
435 473 363 156 104 139
11 40 756 173 128 304
57 14 24 18 30 30
221 100 282 138 86 104
67 8 44 181 117 14
170 200 493 3 506 512
13 131 30 135 181 96
109 3 51 72 1042 28
388 417 352 386 405 380
464 412 471 532 315 324
130 204 271 349 370 48
21 37 118 10 98 57
199 326 7 12 234 211
13 70 50 44 8 96
102 297 138 156 289 221
1061 97 147 90 18 50
511 2 356 204 208 13
70 96 68 181 97 24
430 464 519 20 97 22
360 122 162 663 69 594
21 14 10 24 82 36
32 155 147 131 90 37
81 243 36 59 37 4
20 344 611 532 618 70
185 156 104 138 249 139
204 3 211 266 326 233
21 37 117 98 118 82
98 117 118 14 96 67
98 124 117 98 97 118
2 135 90 44 30 50
33 47 32 135 18 155
121 166 222 2503 153 151
30 97 2161 29 98 418
47 45 155 147 135 131
2 282 18 30 67 68
44 50 18 31 30 10
131 44 47 10 1 24
47 44 50 10 14 21
101 279 216 111 323 275
8 18 68 98 13 44
57 31 131 59 24 36
18 135 44 30 50 31
77 55 40 56 1075 1083
239 173 237 11 245 246
532 324 283 131 13 98
511 350 565 306 506 526
14 147 131 31 30 33
17 17 17 17 17 17
175 7 178 271 541 527
67 68 70 30 97 31
111 164 376 129 275 295
37 117 36 70 98 118
49 48 32 15 47 45
86 98 221 100 274 102
90 57 82 18 36 70
816 581 521 572 383 888
641 289 196 249 86 100
29 72 902 848 148 912
50 44 82 8 96 21
97 181 283 46 47 15
82 90 36 8 57 44
1406 44 21 36 1409 33
104 221 102 100 138 297
232 510 356 130 170 199
67 98 97 1689 72 140
2193 2197 2106 2195 2194 2203
153 27 72 168 99 73
18 140 168 14 59 2
112 51 39 182 63 214
14 21 24 82 59 37
50 10 57 14 21 24
196 104 289 139 156 138
17 46 48 33 1 47
8 13 31 44 10 97
505 241 115 507 9 5
17 135 48 155 147 8
82 48 45 33 17 1
232 233 541 309 248 177
82 155 30 67 131 135
131 33 1 47 45 15
36 118 57 70 96 14
96 82 30 8 135 36
20 344 22 611 18 430
314 150 505 9 313 293
96 18 8 44 50 57
70 98 117 68 97 181
49 72 99 140 17 1
29 148 2924 900 418 902
296 322 277 295 124 29
72 222 120 73 140 33
70 67 98 117 36 124
59 96 181 50 98 67
391 442 231 641 290 251
3 51 109 63 72 182
233 199 4 494 266 338
72 140 99 73 133 120
1 45 32 48 47 33
104 100 138 274 297 282
117 2 30 70 10 147
59 57 47 68 98 70
29 193 168 192 254 161
282 184 179 154 194 224
511 512 356 527 350 338
73 161 185 51 27 121
2174 2175 2435 2444 1203 3
345 441 406 63 28 189
98 494 82 233 98 118
63 30 51 141 182 109
86 100 274 297 313 360
33 18 96 155 32 45
565 511 512 338 526 176
2 472 411 679 674 498
142 98 279 136 129 111
852 2431 1028 2420 144 1018
51 109 182 99 140 255
57 279 82 275 164 37
245 246 43 202 328 180
728 81 98 29 27 16
17 46 48 33 47 45
175 130 171 541 12 178
12 145 175 309 208 356
37 21 18 67 117 70
178 199 7 200 208 211
173 304 756 163 40 54
138 249 139 196 183 289
278 1924 303 318 1504 1524
27 73 728 1337 51 217
326 511 512 338 175 158
2 190 18 534 90 190
431 692 391 432 310 586
18 46 1 37 96 15
217 29 27 133 287 148
117 1 21 36 2 90
30 8 31 44 67 70
262 248 271 266 39 3
119 1689 140 29 27 120
185 27 99 73 140 166
70 344 319 98 464 118
266 493 232 130 175 233
303 285 291 278 475 756
67 21 37 97 36 59
193 185 120 161 151 225
153 254 168 253 121 225
181 18 57 147 21 82
232 362 30 70 57 17
749 749 129 275 111 323
248 262 266 271 23 125
1129 72 1134 1138 1149 1107
96 90 8 13 50 44
565 512 326 171 170 12
471 131 113 18 20 611
18 117 118 67 68 181
8 10 14 44 70 21
19 215 287 633 265 378
57 14 98 118 21 82
51 2503 84 166 80 253
295 36 37 328 264 101
140 225 193 161 42 185
15 90 8 131 44 57
295 323 101 111 136 275
181 117 67 70 57 10
170 4 80 36 178 7
511 171 726 510 51 262
17 46 48 1 45 47
30 68 18 70 98 181
49 33 17 1689 1 133
3 30 63 72 51 973
10 14 21 24 82 59
274 197 221 313 132 297
30 182 92 29 148 120
90 44 57 8 30 31
162 819 384 572 308 568
233 262 23 271 248 266
51 225 121 168 29 253
150 115 505 132 5 242
386 380 382 374 729 638
8 44 30 50 31 30
32 471 283 131 319 17
13 21 96 24 31 30
453 376 401 292 328 442
981 348 561 360 427 428
14 67 21 30 57 10
428 383 384 525 1124 1381
32 27 120 49 155 33
122 384 308 103 99 455
304 40 128 54 55 95
147 135 2 131 90 17
57 10 44 14 21 82
19 215 217 287 358 213
1133 1098 1131 1119 1830 1124
32 17 1 47 45 49
2 46 48 33 155 147
202 216 264 328 295 101
120 133 73 99 119 140
30 96 90 31 44 8
1615 148 73 29 140 98
99 1027 1015 987 989 153
715 415 401 432 311 391
46 48 49 1 45 47
162 383 308 384 514 341
26 232 266 262 494 306
59 24 37 147 135 131
81 233 176 506 493 326
17 47 45 15 46 48
182 554 1351 28 1351 51
2 31 18 10 155 30
556 692 415 442 586 431
834 688 726 215 1206 26
51 448 82 534 103 345
119 140 2503 168 253 254
1906 423 340 64 417 329
70 17 1 48 97 47
208 24 232 4 200 234
167 72 140 225 254 119
18 90 13 96 8 50
13 90 44 8 104 86
99 119 124 161 193 121
98 117 82 50 68 59
98 97 57 10 24 82
430 283 471 412 13 324
57 14 21 24 82 37
1798 1830 1833 1133 1131 1810
59 82 181 117 36 251
399 430 464 519 20 344
344 1325 1347 1350 1326 1328
10 21 57 24 59 31
128 94 95 165 43 322
255 3 30 63 72 109
1 46 33 48 15 33
73 120 121 99 140 873
506 199 262 493 204 271
429 543 1545 1509 1486 502
200 232 262 23 271 266
2578 188 30 534 448 2579
292 180 296 376 322 129
18 31 90 50 57 10
168 254 151 124 51 29
279 295 116 264 180 137
433 513 402 443 487 397
493 494 362 565 541 506
49 136 181 45 47 24
155 147 135 13 50 2
279 216 101 236 264 137
63 72 109 51 462 481
181 117 14 57 21 24
135 67 70 98 33 155
33 1 47 45 15 1008
155 155 147 135 2 131
182 461 28 187 80 109
68 36 98 21 98 82
113 412 131 90 13 118
32 227 381 470 471 412
399 13 464 324 344 98
1378 1378 1364 72 1383 1381
13 98 68 44 37 140
700 269 191 98 144 17
27 120 73 168 475 151
17 17 17 17 17 17
144 269 268 191 258 1336
59 37 36 30 31 97
4 338 175 512 527 232
611 1006 29 900 457 72
46 48 49 45 15 32
44 155 8 2 90 31
27 133 1991 148 73 29
328 67 101 295 216 275
473 121 384 162 525 474
70 101 181 36 118 98
111 164 376 136 323 275
248 1043 130 1047 176 541
2 90 8 57 44 50
46 48 47 32 1 33
32 33 155 131 8 90
47 15 33 155 147 135
116 180 277 236 296 322
638 861 346 1635 1127 1609
82 98 102 297 155 147
10 8 147 59 82 50
37 67 181 104 274 221
30 59 10 36 97 98
3 28 51 1001 182 1226
7 131 97 14 51 44
10 30 57 67 98 14
225 42 193 161 193 185
47 32 33 155 147 131
135 21 50 90 18 44
1924 1933 1530 30 1547 1770
7 527 81 350 36 12
900 72 30 532 366 97
133 217 458 30 30 51
73 140 138 183 156 641
243 493 37 4 145 82
118 70 82 37 117 96
253 153 193 225 161 254
96 70 18 97 98 117
18 510 948 1088 1042 1096
21 97 181 98 70 118
341 1213 360 85 1233 663
21 14 24 82 59 37
1129 1107 1138 1149 1142 1150
225 153 161 193 192 185
117 155 147 131 90 13
96 14 82 48 155 46
2 135 13 90 96 8
328 116 236 292 322 296
98 117 118 1 155 147
1 45 15 32 33 470
411 674 472 577 210 303
10 37 1411 36 59 57
31 10 2 155 90 135
117 31 11 54 163 756
1 46 97 8 45 13
30 131 96 13 90 31
14 68 70 117 36 98
59 37 306 493 326 565
506 306 512 309 350 490
145 199 204 511 512 4
48 135 15 44 10 31
13 31 30 8 131 18
118 113 532 70 98 366
36 59 21 2 459 18
44 135 37 131 30 155
1062 1036 607 520 338 356
241 9 138 454 274 313
581 816 709 881 588 162
526 527 176 356 175 130
147 33 155 31 135 2
2 8 131 13 44 50
31 181 98 97 117 96
44 10 155 131 59 8
279 323 295 136 202 216
57 14 21 82 59 31
54 25 1029 1050 128 77
59 32 36 68 70 98
18 14 82 746 30 37
29 27 72 99 222 168
166 2503 254 253 153 151
1119 754 1133 442 707 252
324 315 767 13 399 90
328 101 216 323 275 111
10 37 135 2 59 90
3 182 98 306 309 1168
969 1035 1015 1013 497 1000
1506 1506 662 1506 104 138
7 178 208 211 232 228
120 119 73 140 133 148
47 471 113 45 97 98
70 98 67 118 97 181
124 192 121 99 72 166
90 13 8 2 30 131
279 202 323 275 111 164
13 14 68 21 10 2
511 541 26 4 81 177
279 101 216 275 142 164
391 432 415 126 142 279
506 510 512 350 356 527
374 351 355 1379 336 388
147 90 57 59 295 37
82 37 97 155 14 135
1 46 45 147 48 32
118 197 86 124 27 254
165 277 137 43 116 292
1071 848 1068 1040 151 166
100 183 249 221 282 313
9 150 26 507 81 243
46 1 45 15 47 49
44 96 10 14 21 57
200 170 7 211 232 234
119 124 254 121 29 27
1344 1339 80 265 378 317
139 138 249 196 86 102
307 318 584 436 1480 499
1697 1222 318 436 499 1289
2 13 90 18 96 8
145 232 326 26 243 81
50 21 82 44 14 46
44 131 13 197 86 138
243 306 511 565 494 490
147 135 2 131 13 90
98 50 8 44 181 24
70 193 117 151 161 225
21 24 59 37 96 31
27 222 168 225 166 1822
57 30 14 31 70 67
98 117 181 118 281 407
493 510 350 362 306 356
48 46 45 32 47 15
202 279 295 328 142 264
565 490 130 204 178 208
275 164 101 323 376 216
28 693 63 345 406 694
8 24 59 82 70 36
245 756 25 77 173 163
200 211 233 338 512 565
1770 1543 231 30 290 250
17 17 17 17 17 17
46 48 49 1 57 45
161 225 192 51 121 166
386 352 417 405 361 373
17 46 1 47 48 15
8 46 50 10 21 45
30 46 70 1 68 45
44 18 117 8 30 21
117 97 70 98 181 14
161 254 153 185 192 225
36 171 37 493 199 178
1399 1401 1409 1403 1411 1402
135 82 59 36 67 70
2403 29 99 119 706 688
18 30 31 50 67 68
1567 1685 1680 1681 1688 1571
526 362 176 175 541 145
14 21 24 82 96 59
86 100 274 103 1251 308
400 519 611 430 20 344
903 562 408 3282 1189 696
140 99 166 2503 168 254
37 18 289 70 68 97
155 147 135 2 13 131
175 4 178 208 200 23
306 493 208 506 565 309
526 196 512 171 123 177
14 10 21 77 82 25
1119 1124 360 103 162 564
1 47 15 27 72 120
98 14 97 252 126 116
8 44 96 243 57 21
5 9 507 293 150 241
14 68 17 48 1 21
98 10 118 164 142 279
390 402 433 443 414 513
97 98 117 181 118 1689
131 13 8 44 50 57
181 70 57 24 68 97
29 140 121 27 253 254
131 31 18 24 82 181
225 254 222 42 168 161
17 269 563 152 157 258
30 14 59 70 135 147
1 47 155 2 32 44
322 137 180 165 236 292
99 44 131 13 90 50
454 505 224 5 641 314
1185 1117 1121 1183 1197 1175
344 611 18 30 366 319
98 181 117 118 50 26
521 499 875 804 876 436
1119 754 365 1131 1133 727
351 382 355 648 1943 1877
1543 1547 1770 124 1054 124
32 47 33 46 45 15
135 8 44 13 21 50
902 907 305 433 848 390
131 13 18 96 90 8
1246 1240 1253 1231 1247 1230
250 1438 1445 1271 960 290
541 118 68 130 145 178
136 264 279 129 323 295
97 70 13 44 135 30
138 104 221 274 100 102
90 131 67 68 70 117
13 8 50 21 1689 59
326 208 200 822 338 177
14 70 98 97 181 117
185 51 166 121 2503 168
47 155 68 70 135 131
229 936 304 401 728 135
10 271 50 57 145 68
405 644 355 439 340 382
21 117 57 10 97 70
141 385 489 220 209 223
556 415 715 310 126 442
154 224 179 194 146 184
17 470 17 17 17 17
1 98 49 37 31 2
1080 550 325 514 85 1309
86 104 102 274 282 100
291 278 285 124 748 259
910 1167 1160 88 93 87
44 57 50 10 14 21
10 13 24 21 14 82
47 45 90 49 2 44
328 17 101 264 216 323
166 51 168 119 2503 222
464 319 70 1350 1328 33
356 526 175 145 171 130
24 14 59 124 21 82
135 13 90 44 82 97
384 383 428 308 341 427
67 68 70 97 98 181
29 99 120 151 254 140
411 679 674 498 289 577
338 211 145 309 199 228
99 161 222 168 166 27
493 326 565 506 309 510
1026 1034 1050 1053 1062 1049
210 291 278 475 387 318
421 391 239 17 623 432
14 21 68 131 203 90
67 82 97 10 59 36
31 181 118 2 118 97
29 70 36 97 98 98
315 400 97 22 46 32
215 990 270 103 122 217
565 510 326 490 12 176
30 68 96 14 10 24
15 32 1602 381 17 46
225 99 161 222 168 166
1 49 45 32 46 48
289 713 722 732 721 746
51 490 78 243 512 262
21 37 181 90 26 26
243 82 326 493 24 510
68 31 98 181 117 118
13 8 96 36 44 29
131 33 44 8 10 57
1124 746 722 721 289 732
192 185 225 1380 133 148
45 10 21 36 46 142
384 680 709 1564 1573 1541
2 135 90 96 98 67
68 181 70 118 67 117
68 124 119 29 51 120
323 129 101 216 111 164
15 135 147 90 48 32
215 718 270 213 19 287
350 145 233 493 7 23
611 532 22 97 70 181
68 37 98 18 24 147
306 81 243 30 490 493
279 264 101 142 129 202
586 252 756 756 77 163
200 211 30 232 234 228
415 442 715 43 586 401
90 18 8 44 131 30
46 48 47 45 15 32
13 36 90 67 98 97
137 236 116 165 180 277
98 1 181 155 147 135
68 98 24 97 37 82
31 8 50 82 67 117
17 46 48 47 1 33
208 211 7 234 232 23
97 90 67 131 13 96
285 291 278 303 475 26
225 42 29 27 253 140
21 147 90 44 155 131
713 285 291 278 475 147
990 987 1027 1007 989 1004
48 47 1 46 13 15
233 248 26 81 243 306
68 117 10 96 21 82
51 166 121 222 2503 168
311 142 442 296 48 37
430 519 344 22 611 30
48 49 46 45 32 33
193 153 222 185 253 254
345 342 2467 2466 265 265
193 225 42 108 1291 1351
200 511 512 350 541 266
31 97 68 70 98 181
36 59 24 10 98 14
33 155 135 2 8 147
356 178 228 309 326 176
135 30 96 14 82 37
15 17 46 48 10 45
17 48 46 47 135 13
117 350 10 37 306 36
257 17 17 749 442 17
204 170 12 171 177 178
32 33 227 33 381 155
59 37 36 30 31 67
37 36 26 81 30 306
131 118 46 1 17 90
525 473 424 1281 1248 1232
181 216 36 129 97 275
1118 381 1126 1125 147 155
135 68 13 147 50 44
128 173 25 54 95 56
131 13 344 22 81 332
44 31 24 21 118 82
202 279 295 328 137 264
120 73 119 121 140 222
2 13 50 30 31 131
33 1 46 32 45 15
420 7 234 187 266 4
1050 746 341 977 753 520
117 51 2 59 37 18
121 166 222 2503 168 253
430 283 400 22 618 532
337 467 459 543 343 429
33 119 46 1 29 21
124 29 27 51 72 99
181 14 57 118 97 96
490 338 171 176 541 177
68 36 97 181 70 118
86 221 916 297 855 702
550 2091 917 80 325 446
326 26 565 541 81 243
120 29 51 119 30 121
49 82 36 15 30 33
2 27 151 185 873 162
21 37 59 67 68 70
170 178 177 199 208 7
1768 1768 1105 1533 1509 502
46 45 32 33 15 47
48 49 18 10 155 68
526 510 362 171 338 356
511 309 527 356 526 145
30 67 18 117 36 118
494 493 326 506 309 512
27 21 24 82 59 37
147 96 67 30 97 31
837 845 1274 1152 1332 1639
21 142 117 36 59 181
151 193 161 225 185 192
153 193 161 185 192 16
10 17 1 136 135 50
1064 1565 691 89 613 705
27 73 140 222 2503 253
31 90 30 13 67 96
119 255 73 99 27 140
118 181 96 756 77 173
42 124 1963 2503 73 168
511 178 171 208 200 262
309 510 506 101 511 350
680 581 818 709 846 819
14 90 10 44 37 155
14 36 13 24 2 59
21 181 82 111 98 129
70 181 117 59 24 68
80 51 141 63 72 215
57 21 14 82 59 31
277 202 295 279 142 328
565 306 326 309 356 362
1509 865 1413 1545 1486 423
202 295 264 328 323 101
44 57 90 14 24 59
208 298 17 1 47 155
180 236 292 43 137 116
49 15 45 47 32 33
732 746 289 1378 1098 1124
155 147 2 131 90 30
36 59 37 68 70 67
118 181 713 722 721 746
599 619 603 616 617 743
341 427 455 424 435 143
254 253 51 166 121 222
149 406 693 30 441 694
848 2503 185 470 400 344
17 1 2 32 33 31
391 442 756 94 163 11
147 90 18 14 84 731
816 572 680 709 568 687
1012 1020 1048 1069 947 939
307 521 676 1470 499 387
254 253 2503 42 29 51
193 124 73 161 225 185
121 253 140 168 153 166
763 494 565 511 510 350
208 211 232 234 233 228
131 30 51 187 37 182
48 45 15 32 33 155
641 98 138 641 86 104
119 73 168 185 728 229
493 565 511 510 338 199
30 57 59 50 36 67
505 115 241 5 102 150
135 18 30 14 31 181
415 391 126 692 556 431
565 326 506 309 510 511
427 455 473 525 474 364
29 153 193 161 222 42
1914 231 290 728 229 1210
248 233 4 266 309 232
541 170 171 12 178 208
46 15 49 48 47 33
30 97 181 68 98 70
135 2 181 90 117 44
147 8 90 50 44 57
97 33 98 117 155 147
57 117 49 32 47 48
30 98 97 118 181 117
131 8 13 82 36 44
