7 15 8 1 9 19
73 76 14 78 87 15
78 79 113 51 117 118
42 11 17 12 18 53
20 93 117 118 132 95
12 24 17 6 18 35
34 253 32 259 272 39
68 139 7 143 144 72
39 35 19 36 41 46
145 45 64 146 72 149
26 25 27 35 19 32
92 10 16 61 14 84
53 69 8 2 26 49
22 133 13 19 78 135
143 10 144 41 154 52
146 15 24 147 3 64
113 117 17 118 42 120
1 79 114 4 11 117
40 14 5 17 3 28
3 67 118 62 120 40
11 24 33 17 14 18
38 189 190 212 245 7
117 118 119 120 7 67
18 42 8 9 52 10
1 57 77 4 19 24
16 20 8 7 49 9
8 5 17 9 29 14
11 24 62 114 5 25
36 38 6 25 26 1
75 80 146 67 187 18
16 250 79 253 45 49
2 139 10 143 7 144
19 22 9 45 52 35
44 59 8 23 9 67
22 27 36 29 35 34
5 52 118 132 4 7
145 45 64 146 72 149
2 9 53 8 1 10
24 41 253 30 259 46
35 59 73 42 78 79
16 19 22 42 43 26
19 24 87 90 26 30
187 65 251 54 57 253
38 78 47 79 113 7
6 119 3 16 46 59
30 253 255 262 50 283
32 39 67 143 3 144
94 13 51 61 17 1
79 102 110 5 115 65
9 69 27 57 17 18
116 261 67 68 266 103
245 18 246 253 261 14
34 9 58 11 17 18
117 48 139 45 144 199
23 33 35 12 36 40
179 14 34 180 20 195
17 7 18 61 13 28
120 29 132 2 133 12
16 33 14 69 86 17
66 139 143 62 144 53
72 73 133 141 21 143
247 57 250 59 253 255
20 22 9 31 39 14
33 55 31 37 57 32
143 27 146 16 149 2
170 46 94 180 245 27
49 88 4 17 21 8
9 41 75 10 53 62
79 110 117 139 143 164
253 255 30 31 258 51
78 79 34 111 5 117
59 144 25 48 209 245
17 20 18 90 23 48
10 35 11 21 17 7
82 29 13 44 35 36
32 246 16 250 4 252
79 50 110 12 43 114
173 37 245 44 49 246
61 88 8 15 46 11
60 183 19 189 11 190
89 113 22 16 62 26
28 49 30 66 53 1
247 72 250 84 88 253
33 41 46 47 70 19
39 60 117 40 53 133
117 118 133 49 139 143
19 24 87 90 26 30
8 9 52 10 34 102
29 71 83 8 30 67
27 24 41 77 98 111
114 24 41 117 118 45
132 40 139 16 141 43
51 36 87 38 39 69
86 19 37 61 26 24
189 190 246 7 253 48
133 61 134 66 143 37
146 28 50 149 150 173
9 52 141 51 143 146
112 117 48 133 72 107
125 23 132 38 39 67
2 12 54 8 6 9
6 143 3 64 144 219
73 79 94 97 13 62
42 36 101 75 108 109
44 47 4 1 32 8
174 50 246 12 37 253
22 2 36 41 30 13
25 26 40 44 17 6
55 191 245 32 246 68
24 46 90 15 27 53
16 29 135 30 58 143
20 10 21 26 1 27
1 4 13 112 23 15
48 54 63 69 67 97
89 111 114 117 120 6
110 6 113 53 70 114
13 14 22 29 17 6
46 36 47 48 34 53
46 74 78 79 90 110
28 49 30 66 53 1
190 245 38 59 246 8
30 175 9 33 39 179
19 8 20 62 9 40
49 20 1 14 15 113
28 58 26 20 59 31
15 13 30 50 14 51
143 144 19 209 14 245
43 69 77 78 79 90
29 125 247 36 93 253
12 32 8 9 55 14
49 28 13 16 52 88
119 5 33 120 52 139
133 146 149 3 245 48
50 36 42 11 25 99
139 9 143 2 54 144
70 78 113 117 141 11
39 42 8 33 9 51
22 39 44 11 32 26
117 16 39 135 5 29
24 20 34 26 13 36
10 15 36 13 48 17
30 8 6 50 9 35
191 246 5 252 29 253
113 53 70 114 81 117
113 117 118 133 136 137
80 11 45 39 76 78
24 49 78 11 79 108
58 245 44 48 246 29
27 37 41 22 44 29
133 44 72 139 143 144
8 24 46 9 11 41
24 257 44 284 54 309
11 79 45 110 72 113
85 32 86 35 16 74
2 18 69 6 39 47
14 80 81 17 37 62
35 61 111 5 44 117
245 43 54 246 6 253
132 56 57 139 143 144
17 10 18 41 31 11
38 53 78 26 18 50
13 58 71 14 8 17
36 69 55 81 78 79
256 52 61 259 20 261
1 118 34 139 23 24
39 44 253 48 85 281
11 10 19 20 13 37
78 1 29 79 71 114
71 72 84 13 39 17
9 17 19 16 26 29
1 44 8 77 80 9
20 8 10 9 23 11
2 27 34 8 22 35
58 139 143 3 144 38
7 143 57 195 246 15
113 40 117 38 118 125
1 28 37 60 35 30
66 78 79 17 1 37
79 135 53 143 195 197
22 61 26 27 28 52
111 71 113 32 65 114
2 133 12 136 73 139
3 24 247 10 32 33
245 246 250 56 67 266
1 8 79 11 9 70
66 89 8 18 38 60
20 15 39 23 44 50
149 150 32 163 17 245
97 11 40 13 45 18
2 23 21 40 10 20
18 31 76 30 47 65
189 190 245 4 248 17
48 114 143 25 144 145
19 46 76 20 22 26
133 71 134 77 137 139
189 190 246 247 52 250
23 32 64 26 20 28
12 29 14 63 74 17
59 209 11 245 22 246
40 245 7 27 253 259
46 12 69 30 78 79
18 44 8 6 9 61
9 66 22 10 55 26
27 89 101 67 104 108
42 26 74 18 75 67
195 197 246 37 247 8
6 29 71 26 27 14
182 66 189 246 7 12
30 39 16 44 74 33
28 253 25 39 256 43
108 21 109 55 114 17
10 38 113 70 117 32
36 60 64 11 85 13
110 22 113 117 30 118
11 50 13 19 17 7
149 150 71 195 59 197
14 36 16 32 37 19
195 245 246 250 7 13
33 13 42 56 17 37
19 78 135 77 136 12
63 139 21 143 10 144
219 223 63 245 39 108
6 15 34 36 13 24
1 2 17 43 18 39
117 120 132 32 34 133
81 143 33 144 90 145
26 51 8 20 13 41
284 40 43 309 310 50
10 30 17 1 18 105
18 22 60 23 30 59
245 56 62 248 51 253
15 19 9 37 42 13
35 72 36 118 69 62
253 32 65 73 255 55
9 2 11 10 19 20
245 12 246 23 253 31
109 51 114 7 12 117
27 8 28 9 54 15
90 144 67 195 204 246
253 280 284 35 68 309
25 48 81 110 27 39
135 53 67 143 54 63
255 43 44 256 25 27
146 49 63 149 37 150
32 36 51 56 59 60
15 247 4 253 254 24
143 147 75 149 65 162
144 91 219 245 246 253
9 50 95 11 60 91
1 75 95 8 63 10
21 31 36 53 113 5
4 27 38 8 10 39
132 66 139 6 38 143
18 29 20 22 82 87
8 22 58 9 50 10
213 245 34 253 37 44
147 149 150 245 246 15
149 150 55 161 181 23
21 27 46 41 15 44
137 143 144 48 145 168
9 39 10 76 130 11
116 10 80 108 11 58
58 113 114 27 117 28
113 117 135 11 34 141
13 23 37 17 3 19
118 45 132 43 44 136
18 28 47 96 23 30
28 38 79 18 120 19
68 89 137 95 139 16
87 117 1 133 139 12
23 31 125 132 39 139
34 47 8 26 9 55
8 20 69 23 12 26
44 8 77 80 9 55
22 41 17 15 18 19
69 48 71 53 110 45
117 2 134 13 143 146
23 9 22 40 24 38
54 26 30 28 79 96
8 17 51 57 9 13
61 8 32 38 46 9
146 10 149 245 25 248
118 51 121 25 30 132
23 78 16 79 29 110
144 146 150 171 214 15
78 79 60 110 114 31
150 195 57 197 47 198
26 44 27 37 43 28
8 78 9 95 11 86
97 38 74 108 109 134
143 5 144 162 179 187
47 13 23 36 67 69
30 23 6 26 1 11
253 39 49 258 34 261
19 25 139 12 143 144
143 6 195 246 247 19
5 16 144 12 56 245
29 49 20 31 50 23
134 26 135 33 143 27
74 46 78 79 110 118
35 38 36 44 45 42
37 250 42 48 253 262
113 9 117 133 143 191
35 36 38 93 102 44
18 23 13 55 26 27
55 40 11 73 24 35
31 43 35 44 36 70
43 117 29 134 11 32
69 16 37 56 77 74
62 143 144 41 69 173
197 198 247 250 16 253
77 78 17 6 71 68
90 35 45 71 36 69
24 4 2 5 28 35
144 51 146 15 39 149
11 47 18 59 22 38
98 75 101 108 64 109
53 61 110 13 113 40
70 120 20 132 21 28
23 69 123 10 9 74
12 9 43 23 35 49
3 117 119 50 141 143
35 42 36 99 60 92
1 24 51 18 103 19
247 248 57 59 253 31
31 253 24 255 43 50
12 143 7 144 245 45
48 26 49 32 29 24
110 53 111 43 117 44
82 23 36 26 27 75
197 245 20 38 43 248
19 280 12 38 309 310
17 11 45 40 26 13
40 145 23 149 15 150
32 2 17 19 41 45
20 11 12 29 14 63
61 144 86 163 25 174
13 48 17 18 55 22
146 149 150 195 245 31
8 12 1 9 26 10
34 61 113 25 84 117
143 144 30 147 12 25
63 8 38 13 23 26
210 245 246 33 253 48
180 195 19 67 197 198
36 47 10 25 48 81
98 26 79 41 53 94
14 54 67 74 78 79
36 55 41 31 49 78
113 47 117 133 45 139
144 163 209 245 42 55
253 22 37 43 46 255
46 54 53 113 33 114
58 79 114 110 113 117
35 22 44 45 74 78
3 9 59 15 56 77
119 133 22 25 139 21
31 28 35 12 36 67
30 8 1 9 40 10
110 37 117 21 118 54
14 35 29 42 7 36
4 1 53 9 57 23
250 32 41 253 13 17
53 173 245 246 248 253
36 87 38 39 69 71
118 47 132 10 133 77
120 132 32 34 133 66
49 31 35 4 36 38
1 2 113 13 117 3
24 143 16 144 51 146
1 23 69 123 10 9
73 139 14 143 199 245
27 31 47 35 36 53
79 113 117 118 132 2
62 11 5 45 17 18
141 72 143 153 33 199
3 26 27 114 137 144
25 19 18 26 31 35
28 34 36 32 15 19
45 74 249 65 71 253
78 17 6 71 68 111
150 18 173 180 19 191
10 16 9 78 32 11
32 53 17 29 18 59
26 25 27 52 28 32
22 88 26 28 61 31
78 22 8 29 26 1
10 36 113 11 47 114
17 24 18 47 22 32
47 78 110 21 111 57
9 83 13 41 52 17
135 139 40 143 41 82
37 120 1 133 53 134
245 22 41 47 247 68
53 36 76 41 15 84
24 30 280 63 281 23
4 1 6 8 27 9
18 72 22 12 16 26
253 25 257 259 20 262
53 52 54 113 34 87
35 11 36 37 66 102
68 92 22 78 84 26
7 28 29 251 253 255
184 41 189 190 59 209
22 64 26 31 57 35
5 10 20 8 1 53
1 7 117 120 3 133
19 50 73 26 35 27
11 144 45 145 21 149
8 40 9 55 13 48
8 10 16 9 78 32
44 179 37 180 195 246
8 1 61 9 33 78
60 139 6 59 143 144
79 113 51 117 118 58
127 39 47 53 59 74
149 34 152 57 245 15
38 174 45 219 6 245
144 59 164 11 22 185
1 22 53 2 13 16
30 34 247 248 252 57
39 139 143 144 44 53
143 6 146 12 149 168
5 144 162 179 187 24
70 32 109 78 13 79
146 149 150 153 29 37
65 132 5 7 33 39
46 69 66 89 73 49
3 117 119 50 141 143
143 144 62 205 245 31
77 146 4 149 150 171
59 62 253 50 54 259
48 29 13 36 35 39
11 17 19 14 37 81
133 13 37 136 77 139
68 13 17 18 79 28
31 118 47 132 10 133
147 149 4 63 166 195
65 47 67 80 53 36
146 34 40 149 195 245
117 118 120 3 10 24
18 49 137 7 50 143
90 26 30 76 27 93
3 45 73 77 27 72
3 33 133 21 143 31
61 9 33 78 13 15
31 27 44 35 3 23
53 11 22 17 18 48
64 13 51 70 14 50
8 144 23 185 189 190
33 61 144 86 163 25
117 118 132 67 136 49
79 97 110 6 113 53
65 10 31 37 17 23
17 18 88 112 20 22
26 1 27 35 23 31
31 246 247 59 61 252
19 67 197 198 247 250
24 23 26 29 45 71
35 62 110 10 113 40
7 40 119 41 120 3
110 113 1 9 117 10
37 65 143 3 146 62
49 18 37 60 20 36
80 22 28 58 26 20
45 132 2 139 6 143
247 6 7 250 253 13
195 245 23 25 250 40
67 36 41 96 44 54
41 26 6 42 27 73
264 280 38 50 285 49
4 9 30 8 53 37
144 20 245 247 21 259
78 8 79 52 113 9
42 43 48 52 246 8
199 245 26 247 253 14
40 69 73 16 78 79
39 52 15 16 25 82
55 110 9 117 118 18
19 59 35 11 36 33
19 59 35 11 36 33
10 29 35 36 34 62
39 60 72 8 14 40
8 149 150 20 162 14
132 89 91 97 133 139
141 143 144 151 49 173
63 149 37 150 183 72
22 16 62 26 63 27
51 143 146 55 147 19
124 16 132 48 133 29
55 110 113 57 117 1
8 40 13 12 17 6
35 11 36 33 113 6
1 27 25 35 13 19
79 52 97 56 108 109
70 108 63 109 110 32
195 197 246 23 45 250
18 86 24 1 36 27
25 8 9 33 13 42
246 6 13 253 39 255
17 13 23 74 18 81
63 27 127 39 47 53
144 44 245 64 246 15
80 31 19 30 42 41
78 139 15 47 143 1
17 12 18 57 20 10
193 218 245 62 76 247
44 127 34 41 132 25
14 64 72 17 22 57
65 20 28 45 26 27
20 40 78 79 60 110
36 29 41 48 62 68
45 132 84 133 19 33
31 63 8 19 10 20
34 36 209 245 6 27
144 245 246 7 14 253
26 46 58 14 27 45
4 14 18 5 41 46
39 133 44 72 139 143
145 146 63 149 49 165
38 31 46 35 49 44
82 4 21 28 8 5
190 42 86 246 15 247
144 245 16 248 6 253
1 7 117 120 3 133
186 8 61 107 9 99
24 9 73 10 18 22
120 101 133 20 134 92
63 187 245 37 247 53
16 19 8 2 20 22
31 17 9 20 97 56
139 16 143 144 21 146
39 26 31 46 35 74
26 49 33 88 28 52
90 133 91 135 139 40
35 39 36 9 48 40
69 133 33 48 136 70
144 213 245 27 253 61
19 9 47 52 13 15
27 35 33 114 132 16
257 75 76 260 47 52
79 110 33 113 43 69
18 50 26 27 42 28
17 1 21 43 18 23
5 144 71 199 35 210
45 25 30 35 21 31
145 21 149 150 165 22
57 9 51 15 45 17
3 118 67 120 31 132
8 18 9 34 20 33
4 12 70 8 1 9
48 54 63 69 67 97
39 26 41 47 44 74
19 26 31 35 23 53
72 8 54 9 76 13
37 40 136 45 139 143
28 55 32 24 36 35
10 18 44 14 53 83
25 97 45 55 108 28
29 117 23 134 26 135
245 48 84 88 113 116
175 35 176 6 34 191
75 6 22 23 36 26
36 51 110 38 117 118
139 9 32 143 33 146
33 9 51 13 21 61
35 2 36 40 68 110
1 9 56 8 10 47
49 61 8 1 44 28
103 144 89 91 149 78
8 2 9 23 14 43
134 58 139 143 144 246
99 60 92 78 46 79
26 19 27 68 32 40
23 47 90 106 87 110
53 1 74 78 79 113
9 32 13 61 97 14
72 74 62 78 79 82
97 149 61 173 191 245
38 139 143 4 146 68
35 46 22 113 117 17
24 32 25 37 35 36
4 1 27 8 55 9
27 75 28 60 82 29
39 35 19 36 41 46
3 35 144 39 245 253
18 111 19 26 27 87
113 117 118 133 136 17
144 147 149 150 246 13
41 246 4 14 252 253
143 2 144 33 146 149
52 181 245 5 10 246
62 253 50 54 259 46
141 143 144 59 191 245
117 118 41 132 38 39
75 78 79 114 19 117
31 12 35 5 40 7
1 70 89 5 28 53
27 28 10 36 35 4
84 78 40 79 110 11
17 61 63 2 18 57
64 53 35 113 114 117
150 204 245 246 63 247
117 7 118 119 120 55
70 59 84 78 40 79
75 8 47 11 20 24
12 56 245 246 253 45
49 57 113 117 58 119
51 117 118 58 132 42
245 38 50 246 253 29
143 62 144 53 68 164
50 141 143 144 245 16
80 119 7 124 45 132
64 4 1 11 8 39
40 27 28 33 41 46
51 8 20 13 41 17
30 55 36 67 113 114
59 3 1 5 8 40
62 66 15 108 17 67
12 9 81 10 25 95
26 247 253 14 262 29
38 58 74 16 78 79
22 27 35 36 49 56
132 15 47 133 21 30
1 13 32 8 4 9
85 99 8 14 78 9
17 14 18 55 20 12
8 24 21 57 26 23
110 28 117 1 118 135
29 132 133 136 74 79
76 78 26 41 110 117
144 153 54 69 179 180
28 195 197 198 246 250
22 16 42 26 10 55
8 27 57 30 13 29
249 42 253 34 262 62
41 17 36 19 39 26
30 31 258 51 58 262
22 24 37 26 10 38
246 47 56 253 30 59
52 3 63 70 4 1
70 78 40 79 110 111
16 250 73 253 25 255
13 16 17 12 26 27
139 16 141 43 70 143
84 149 153 246 58 253
73 75 97 78 65 123
34 149 16 150 38 71
1 39 27 29 21 54
136 39 139 28 143 21
149 150 173 180 191 193
36 67 108 109 113 30
113 117 30 133 139 9
73 10 18 22 74 94
51 61 117 1 36 118
1 9 22 10 89 95
47 15 38 44 10 45
14 29 37 17 23 38
47 250 253 48 50 53
14 37 81 9 20 31
18 47 22 32 26 27
66 28 16 22 30 31
44 48 255 54 256 40
23 1 2 26 27 35
64 86 11 31 61 92
27 30 13 50 17 11
1 9 50 52 15 47
6 40 26 27 31 11
25 191 245 34 246 250
73 78 6 79 110 2
12 143 3 146 72 151
4 1 8 17 51 57
117 118 21 139 143 144
2 15 83 86 136 23
18 75 20 7 38 26
110 59 64 113 50 117
146 34 48 149 150 57
50 1 18 41 56 19
95 51 65 26 87 41
15 18 28 17 12 60
18 79 65 113 42 117
58 35 9 55 38 51
61 35 10 21 36 32
12 17 6 22 26 31
37 180 195 197 198 247
16 143 144 21 146 149
2 118 13 120 61 132
16 245 41 247 248 15
45 83 97 50 108 16
39 56 246 253 29 256
108 109 65 111 20 118
20 250 11 39 253 25
59 24 67 110 5 112
15 139 143 2 144 43
6 60 69 44 45 28
35 36 51 99 57 108
256 62 68 257 83 84
8 9 10 17 4 19
73 13 49 17 1 50
145 45 64 146 72 149
246 247 252 37 253 43
44 11 14 87 122 17
25 78 1 79 134 49
46 23 27 26 57 45
247 15 250 59 253 25
245 47 55 246 4 59
136 75 139 29 143 2
10 16 17 3 18 22
21 31 36 44 53 41
75 69 46 78 113 117
55 20 5 26 47 31
4 9 32 8 1 61
19 7 20 6 23 48
90 74 22 42 103 26
7 132 48 139 47 141
180 195 197 198 247 250
209 212 245 252 64 253
54 51 69 38 78 113
36 143 23 214 245 47
19 26 27 77 46 68
31 35 55 53 67 49
8 12 37 46 69 74
14 247 16 20 63 253
11 14 17 39 20 16
51 20 26 84 28 47
79 111 117 118 26 165
209 245 24 246 247 39
35 176 6 34 191 246
18 111 19 26 27 87
9 20 106 10 15 44
26 17 12 20 40 35
118 133 15 48 139 57
119 20 123 139 51 143
54 10 29 13 45 88
145 30 149 150 62 173
143 6 144 245 56 246
22 50 64 26 1 39
41 59 74 47 78 8
47 24 27 63 34 48
135 53 143 15 54 145
14 23 19 49 27 53
113 114 9 31 117 23
36 54 70 29 78 18
36 73 20 78 79 34
146 149 150 31 214 247
9 80 10 62 71 13
17 7 42 20 26 1
4 42 18 63 22 14
79 55 114 24 41 117
14 10 25 17 19 18
45 53 21 54 69 36
23 45 250 71 253 16
18 23 31 36 26 24
45 68 246 49 57 247
247 15 19 253 40 51
141 143 6 187 27 191
58 139 143 3 144 38
38 73 93 42 62 110
7 9 57 28 13 35
11 28 59 37 49 17
60 173 177 179 61 180
67 70 54 78 25 79
17 4 20 43 22 26
43 2 18 28 8 5
17 56 87 18 45 20
136 66 137 195 245 246
48 38 6 15 63 114
24 246 4 9 253 14
13 38 23 69 80 24
63 26 19 32 35 17
134 51 135 19 43 143
95 109 8 18 85 9
23 102 26 39 93 31
32 117 132 16 136 42
4 8 41 1 9 49
195 245 41 246 11 253
30 76 27 93 114 132
13 51 61 17 1 23
19 39 26 15 74 20
6 50 9 35 10 11
139 143 40 144 58 145
21 149 150 185 57 71
36 46 42 50 44 45
7 12 37 117 34 118
58 262 25 29 284 68
110 124 11 96 109 13
35 39 248 262 40 278
19 53 61 26 7 13
39 24 49 41 23 84
14 50 72 154 162 30
37 219 245 32 103 246
88 35 39 24 49 41
46 23 36 26 2 37
8 1 6 9 58 79
149 191 210 22 214 245
51 35 23 36 47 110
27 83 28 77 35 51
28 143 20 144 41 66
6 120 21 24 144 3
72 36 118 69 62 79
64 253 281 283 48 284
61 69 4 14 43 5
117 14 29 132 32 139
136 17 31 141 55 143
15 7 13 17 18 21
46 248 35 37 253 262
16 143 144 21 146 149
86 197 245 32 250 253
10 113 5 114 1 4
12 19 17 10 18 22
167 34 168 191 245 24
245 33 246 54 61 248
78 79 60 99 55 68
37 4 53 72 5 10
33 245 22 30 248 16
171 75 182 47 246 18
4 27 38 8 10 39
35 36 37 24 46 44
1 9 26 4 33 55
64 113 10 81 117 118
49 143 3 42 144 59
118 77 119 78 132 143
87 256 27 266 12 289
145 61 149 150 166 49
10 89 13 16 28 17
16 150 38 71 163 168
8 5 17 9 29 14
35 6 36 46 58 110
75 79 110 56 113 117
30 105 22 108 109 51
13 10 41 4 18 20
17 13 20 34 40 28
113 10 73 117 118 121
14 16 21 17 22 28
133 136 143 195 245 35
34 133 30 60 141 31
60 69 9 31 10 59
246 60 67 247 248 57
26 32 27 46 31 16
24 83 85 17 1 54
9 253 28 259 14 16
34 144 66 245 246 47
246 7 18 253 39 266
133 4 6 143 144 145
2 63 66 133 62 136
147 15 149 12 150 162
132 47 48 56 58 143
150 246 9 14 54 250
70 246 253 24 48 255
73 110 111 117 118 39
79 19 110 118 132 55
7 67 86 26 27 23
36 47 18 56 53 6
144 62 205 245 31 246
86 26 27 31 21 48
11 34 13 45 14 71
15 33 17 22 18 30
42 184 69 191 195 245
60 68 57 74 20 42
32 45 70 35 36 51
247 248 252 57 253 43
59 14 35 45 17 1
29 46 246 7 12 253
75 31 11 22 2 36
171 247 7 253 31 38
41 11 39 48 53 110
38 9 31 59 11 15
60 13 44 66 17 32
12 117 1 118 15 139
31 22 23 36 44 35
8 47 9 13 11 30
1 9 34 20 52 60
18 49 137 7 50 143
52 133 58 136 75 139
1 5 44 8 9 49
108 24 5 51 26 52
8 12 1 9 26 10
67 139 63 141 143 64
55 136 12 20 137 143
108 39 109 91 110 16
2 18 28 8 5 29
5 1 25 8 47 9
5 190 247 253 33 54
32 41 253 13 17 256
184 189 190 245 3 18
132 63 65 139 8 58
32 23 29 35 13 30
73 250 24 33 81 253
146 44 149 150 173 179
30 179 31 184 26 189
120 20 41 132 56 143
51 30 53 74 78 11
22 72 24 60 26 43
117 118 133 136 143 145
79 98 17 99 140 19
42 75 100 36 99 69
65 8 76 14 17 24
67 108 109 113 30 114
20 14 38 42 17 1
4 24 26 49 57 8
13 14 22 29 17 6
85 8 9 92 10 16
23 32 40 26 24 27
10 23 114 117 24 132
77 89 8 19 33 71
1 86 124 2 44 45
8 7 24 9 23 42
20 117 132 54 58 62
113 28 114 29 117 133
24 53 14 95 105 17
34 245 24 52 247 38
113 40 49 117 5 33
150 84 162 46 52 171
73 189 191 99 134 209
2 118 54 132 5 75
187 191 245 58 246 12
12 20 40 35 41 58
67 14 68 81 17 24
48 145 168 33 245 12
109 120 132 23 41 44
177 181 38 189 30 190
14 6 44 17 18 50
209 210 245 24 42 248
45 46 259 29 262 51
45 20 23 37 76 97
29 4 1 5 8 21
70 78 137 52 141 143
246 23 247 253 53 62
50 70 73 38 78 47
15 37 45 246 63 248
12 36 58 56 88 59
21 264 34 283 309 310
81 132 88 133 135 48
23 72 8 15 10 13
26 35 10 36 29 113
1 14 34 20 4 22
11 4 23 17 2 24
63 26 19 32 35 17
193 29 205 38 245 22
2 5 48 8 1 20
26 5 44 31 35 36
52 35 13 36 61 46
3 18 80 28 47 62
133 4 6 143 144 145
40 65 113 117 118 132
31 38 47 70 48 78
27 18 62 22 13 26
73 74 4 10 59 8
171 51 245 24 29 248
3 28 54 80 35 40
149 50 191 218 245 55
1 25 45 54 8 38
189 190 210 6 18 245
35 13 53 36 76 41
10 19 20 13 37 41
84 36 32 48 56 98
44 50 26 6 40 27
4 62 23 21 26 27
143 199 245 12 33 37
68 139 34 143 66 144
147 149 150 84 162 46
120 132 77 139 26 143
69 18 60 22 53 23
281 283 48 284 19 309
18 60 64 125 255 14
78 52 110 5 37 113
45 146 7 149 5 29
32 15 74 40 78 6
79 110 24 113 31 117
133 135 72 105 139 30
146 21 149 150 89 195
246 7 12 253 25 259
36 59 110 56 111 57
190 212 245 7 246 42
10 25 309 40 310 30
22 23 136 39 139 28
113 7 117 133 90 135
150 74 162 171 31 39
27 72 28 60 35 57
54 110 118 6 120 21
18 24 144 2 7 40
8 40 18 34 35 5
246 250 7 13 253 54
61 35 10 21 36 32
110 7 113 63 70 117
110 13 26 28 41 60
11 191 245 43 57 246
4 117 132 2 133 5
55 120 16 132 133 19
44 246 20 247 253 266
43 119 25 132 36 133
24 17 6 18 35 28
134 41 136 51 141 143
70 113 132 64 136 143
30 53 70 25 78 12
56 70 113 6 42 43
173 27 179 15 180 66
246 14 21 247 11 12
117 118 139 12 143 8
76 74 20 78 7 110
