1409 31 2720 2768 31 449 2420 1709
356 738 783 2568 63 10 4875 46
78 38 10 1040 46 121 4100 160
2707 8 584 1649 374 38 8186 10
222 22 2563 116 12228 12229 31 12230
356 1 82 46 61 7597 41 799
59 123 1213 31 1081 33 123 11783
58 74 178 392 456 15 4290 31
55 125 22 274 3120 102 4 1477
11538 10 758 10197 46 10 926 22
2987 46 3701 22 113 1283 2856 178
10 6931 46 8212 10 2099 46 8254
46 1053 10 2099 46 8475 23 267
8458 31 8458 2679 12588 356 738 12588
392 46 374 504 46 10 5112 46
59 129 10 6231 46 121 269 3997
4139 46 10 3299 31 55 8156 10
1213 1722 41 10 2538 46 877 129
218 2525 22 267 1283 2510 218 3
46 748 31 783 2568 74 22 10
384 319 662 4 12755 43 668 31
6049 46 5693 31 10 6010 272 46
8 1548 272 8 506 356 5539 22
4 1123 178 1012 450 8 10 2481
46 8163 456 281 8 10 3838 504
456 4053 10 408 356 738 10 3579
113 2992 129 5656 31 4596 305 5658
1233 244 446 267 2707 8 584 31
473 8 10 197 46 10 406 23
356 691 456 2571 46 425 11799 113
31 783 2568 58 150 384 72 783
218 10 6127 841 106 2063 10 2547
365 31 719 1229 41 59 61 91
272 2707 663 8 2989 150 121 11354
116 323 61 2998 31 3198 322 51
2099 2565 427 183 4168 31 6156 59
926 14135 31 13679 13 113 15 10844
570 55 168 387 178 183 8 10
456 4314 10 5136 46 3298 31 10
356 1 2764 41 105 537 162 121
8 63 384 61 365 267 2992 191
10 365 188 10 4062 46 10 2339
10 2485 2568 783 63 427 2494 8
46 10 1069 46 10 408 22 246
272 1012 179 111 46 10 2677 31
1397 3921 22 78 841 1452 31 2847
356 356 2623 2568 59 4391 243 3652
406 31 719 1987 406 1585 392 669
2123 116 8 370 123 9435 16 2562
3717 2644 31 10 2296 456 872 14
10 7387 966 323 1844 150 1010 127
456 2373 114 150 384 2614 10 662
1409 46 5865 31 3596 55 554 246
365 319 564 344 4 102 38 381
356 1229 41 243 543 23 669 4
22 121 2540 78 59 54 38 6452
738 267 387 543 38 10 2546 46
113 23 2787 246 1082 168 22 890
54 4 669 1842 218 10 926 31
31 1084 102 532 323 2341 160 419
719 150 3180 3326 111 106 3327 31
1179 46 10 578 1866 113 421 702
356 1199 669 62 2762 570 31 4634
64 46 10 4322 3237 319 150 668
356 738 8408 10 2099 46 9006 10
31 168 829 830 213 102 831 19
218 10 1709 31 3181 46 10 365
20 8 10 5476 46 10 3693 5388
74 46 6894 22 2373 92 6989 10
31 647 59 3235 267 10040 111 1585
285 162 1739 890 2122 8 15 1825
31 8828 31 8792 31 7753 31 3123
994 966 168 22 783 3031 59 621
22 78 38 10 2547 549 31 10
1517 504 46 10 240 1517 55 14
2478 356 411 51 246 1320 800 328
126 661 46 10 3635 267 2997 126
356 1916 113 2563 966 10 1039 129
46 3659 595 46 10 179 46 1642
2245 46 427 1111 186 2410 8 2047
55 10 1977 46 10 5714 234 46
669 359 9676 656 125 319 356 202
22 7929 91 1139 456 59 267 74
560 2683 31 15 59 3586 123 125
2614 783 2612 1024 1548 111 46 427
669 4 234 1062 8 748 106 661
8429 46 3008 1134 38 11905 38 10
3740 46 427 3568 1987 3094 1972 46
46 14 78 243 5140 31 10 6500
127 2650 31 951 31 3901 31 7197
3223 31 10 2533 78 59 321 188
31 218 10 1069 1098 23 783 2603
78 8424 446 267 2707 8 584 31
103 46 125 113 127 105 162 213
365 3624 830 22 10 406 24 679
22 246 841 10 225 2063 3034 1420
356 738 5985 31 6003 178 2270 153
58 218 1585 3529 31 15 1033 150
3208 31 1585 956 41 43 668 8
356 1659 5549 2123 4461 186 278 104
5541 327 10 406 190 1838 41 38
10 5756 473 8 10 4168 46 381
1802 59 33 1780 669 2473 59 10
121 396 10130 191 31 10 4241 22
14 456 15 388 593 748 8 10
46 10194 31 3210 4066 31 4859 31
269 708 31 5034 2620 38 1585 440
1 197 46 10 406 22 2123 8
1544 2811 23 10 2398 154 78 3488
374 2716 31 1662 3685 2704 31 1663
51 31 188 384 22 3549 61 2580
872 966 10 6282 46 4827 1081 129
59 796 55 8 872 125 323 10
414 127 427 1111 31 62 58 218
10 2398 31 8 63 243 5029 55
5170 524 178 2307 129 524 125 31
22 267 1186 111 150 121 1503 31
356 1916 10 4871 46 10 2398 456
4 502 219 31 2055 31 317 31
8 998 43 10 682 954 15 218
356 738 288 72 58 3261 123 10
104 5356 118 4737 2516 371 4923 570
15 38 10 5254 787 20 5254 4996
356 669 3006 311 504 46 10 315
267 317 668 111 46 10 2616 46
3475 38 10 2531 46 3298 3890 38
408 46 2779 31 5840 31 4147 921
3267 38 10 4627 46 427 82 34
102 278 129 10 2115 22 102 47
267 456 1108 218 971 3185 1585 189
10 64 2063 31 374 628 841 61
22 267 387 127 113 59 772 38
8 7571 31 2524 267 2111 61 3255
9394 748 43 4862 2307 31 669 4559
702 31 154 702 197 191 31 719
636 656 218 10 4294 46 374 62
267 5498 302 31 2539 4848 150 224
59 1673 2448 118 63 52 5398 1982
669 62 1825 748 129 524 10 157
669 4 593 8 10 1838 55 11362
188 1452 2481 31 113 456 15 2798
38 12596 38 10 3434 46 121 428
22 246 3044 46 125 388 46 10
23 3160 10 365 15 2098 45 46
456 2313 656 4461 10 2296 186 456
402 1649 10 8107 46 10 85 8499
456 15 4238 22 560 5116 583 15
3217 356 669 62 388 257 125 323
974 2603 783 2786 22 2607 3866 46
669 1123 8 570 16 1585 1111 10
10 5388 46 10 5060 46 178 428
46 121 396 1415 272 38 10 472
218 3 150 392 31 10 768 38
46 10 406 41 188 218 657 31
5558 186 246 46 10 179 46 3639
46 560 485 153 29 105 2272 162
2605 16 384 58 699 38 392 22
411 38 61 269 1134 51 127 59
971 31 2568 4 209 6410 46 427
10 1409 46 160 877 38 10 1134
10 1264 23 113 456 1994 748 783
669 281 227 878 841 106 2595 874
281 8 1166 446 10 543 938 129
218 3 22 688 1070 46 106 91
4915 31 178 4919 46 1515 4208 4919
3488 31 2714 3405 805 10 3431 46
46 91 10 1134 46 374 41 8
890 5434 46 893 23 783 2568 193
505 12623 31 3625 43 384 2718 1409
10 406 46 4582 43 4517 31 43
1 4470 38 10 1409 46 8694 9791
1 406 3139 1982 668 31 748 31
106 1069 371 115 116 61 3232 20
356 1 3422 46 374 41 2650 2582
116 8 10 3247 150 10 4322 31
13693 1987 91 596 783 2603 22 10583
62 10125 125 43 10 352 43 10
10 2540 22 5723 5724 446 267 5723
111 46 374 368 222 8 1548 116
994 2373 994 2373 129 560 543 3252
321 371 456 2373 63 52 225 457
1972 46 5564 10 5220 46 9452 186
78 38 10 1189 46 10 1595 31
427 799 1173 1987 406 24 4626 38
2373 456 1027 560 893 8 10 591
2633 2989 668 10 3315 46 10 406
456 12438 64 123 1218 38 10 4927
4726 31 555 59 2413 50 10 352
1649 560 1544 2811 31 1649 10 4173
218 10 8540 22 4078 278 514 384
160 428 64 41 59 31 10 4091
554 31 267 1948 10 4501 46 4502
707 33 381 31 121 222 3288 125
129 10 649 8217 31 14 78 59
15 3512 457 9276 113 456 15 72
446 102 3198 16 10 1213 4659 31
367 570 305 22 256 319 1 406
31 2653 446 14 41 2181 4439 272
106 1034 41 64 399 162 10 405
22 3290 10 197 46 10 406 1098
222 14 41 340 33 59 43 392
738 8377 365 46 1534 2563 218 10
121 1740 4008 22 91 456 1449 121
2123 113 8 10 6946 46 10 406
179 46 374 1070 669 61 197 43
738 38 10 4018 51 78 104 921
3010 8 3736 150 10 406 427 392
91 456 2571 38 121 3141 33 121
46 10 662 78 3746 8 1971 125
2345 5446 38 10 406 1585 2540 456
427 428 669 4 317 427 2245 669
1825 125 111 129 121 2600 22 8278
10 1069 267 31 6469 10 2099 46
456 15 643 8 1864 111 46 318
738 10 256 22 381 2673 38 10
31 830 2545 14 41 55 1503 8
38 178 4978 4242 31 2187 14 38
669 62 63 10 408 5490 31 218
456 281 8 1166 446 2373 15 4243
16 8168 10 8169 150 8163 10 2099
46 10 3279 4878 234 267 10 4879
3659 446 267 549 234 756 46 10
150 10 2560 3247 46 10 4521 1134
218 125 22 1548 61 5119 129 748
10 2907 46 7270 3868 10 428 46
59 1250 1251 10 986 1252 129 14
22 8392 78 281 129 10 3103 46
4069 43 61 4910 46 4324 61 4069
246 1585 1503 388 10 419 46 1585
12835 153 10 348 2296 22 85 472
738 554 1186 116 323 10 2958 31
2478 356 738 3180 78 244 31 354
46 5785 365 46 10 3083 31 10
1154 61 2255 38 10 408 46 2891
570 2793 2373 246 2993 1649 72 10
1583 10025 2567 16 121 1209 1080 10
10 3170 46 427 3693 456 15 457
74 52 444 1098 570 373 663 1010
404 10 5316 46 10 1134 1230 43
894 43 10 3814 46 10 352 656
4433 10 1081 46 8264 31 10 1081
407 456 2504 966 457 61 2775 129
178 183 23 267 234 43 125 446
2573 590 2629 121 397 31 2582 2637
2123 8 355 8 6778 31 2606 384
8 15 61 13488 272 46 1004 2590
669 10770 104 2545 893 371 2123 1213
46 10 354 46 3837 22 78 16
356 738 669 359 9676 656 125 319
59 211 52 11978 356 9996 10 406
3598 46 10 406 669 2473 826 43
2716 31 2713 1701 1877 23 496 104
114 150 125 2668 1012 4498 456 15
305 64 191 319 13355 2373 127 1503
222 31 113 2657 125 31 1673 524
31 381 317 46 14 31 1186 322
1039 8 8381 10 6987 46 10 1134
669 3782 38 10 82 46 1076 38
427 4296 38 10 269 2481 31 427
43 2066 1438 213 1222 8 121 5703
121 352 267 24 10383 121 2834 31
38 121 139 2559 10 179 46 222
31 4 113 671 8186 111 46 1585
6574 327 10 406 55 11818 365 46
278 61 2099 22 78 5403 46 121
10 2714 31 2806 661 46 10 879
78 72 61 4413 91 22 1022 59
31 2612 1430 10 397 46 7774 10
384 1548 31 1501 150 121 1134 1017
591 46 10763 10 7063 46 6093 23
738 10 406 456 2250 570 1098 10
738 14 2123 8 1166 446 8163 10
106 464 1283 15 1430 966 129 1098
204 178 823 31 841 10 4644 9597
1173 188 10 787 46 10 1544 2644
116 232 46 10 179 46 374 31
127 281 8 10 591 61 365 46
4866 3831 31 2445 1004 1838 656 10
2099 129 10 222 46 7223 23 278
62 6458 2604 4345 38 61 829 82
668 31 2313 31 421 841 10 493
1534 1230 757 1409 31 15 783 1514
305 13484 121 938 78 5126 38 384
1027 893 118 3293 921 504 46 218
4 1125 830 22 392 16 121 1173
2422 278 1507 125 805 10 224 46
46 1585 3736 43 1464 371 456 10
570 10 3083 31 10 3150 31 10
10 2794 472 38 10 2794 879 38
281 323 1049 2481 1807 10 4631 6210
6572 43 1452 5469 356 738 8848 43
356 341 51 15 1154 1098 570 1230
243 1232 31 2709 3405 61 1515 5602
411 669 7523 106 43 2604 22 669
267 2679 2719 2711 1232 31 2720 1233
506 356 5539 22 246 3044 46 125
757 4840 46 3520 31 55 758 669
31 61 472 55 8 2670 10 143
22 113 246 375 4290 55 384 267
356 1013 581 1024 560 2468 15 4247
10 657 2273 998 10 406 367 125
150 668 319 356 2623 2603 8 1166
3193 61 2099 22 41 61 9939 61
783 1987 91 13 783 2568 373 427
1753 178 4935 31 59 3235 2739 8
116 121 402 31 121 5689 123 10
768 31 46 10 1077 31 46 10
356 669 234 61 2761 43 3111 2122
738 267 456 1548 656 384 38 10
10 1877 46 10 4239 113 3632 59
31 669 62 7085 106 2677 55 3111
669 4 367 570 31 543 62 4085
2077 456 2313 31 669 62 58 218
560 543 3252 55 417 62 2373 2571
456 59 6183 33 877 456 1548 55
2373 4 4233 560 1441 72 38 61
5566 1617 356 738 10 249 46 10
783 2612 1438 543 418 786 1173 188
1191 218 3 22 783 2566 3444 31
327 10 406 46 4582 3803 581 10
2933 31 62 2741 129 732 10 365
33 267 4668 59 22 51 246 6533
31 381 278 3625 890 1409 38 6679
102 1548 296 456 102 532 10 91
662 663 22 72 2373 4 2055 46
8 4314 10 1752 129 524 10 926
150 668 1987 1037 31 374 1585 1002
62 14 15 4358 2373 63 243 955
278 2746 3259 1277 841 125 43 3600
31 719 3028 59 106 267 22 2786
10 2422 3028 59 106 381 10 2854
278 13173 384 113 7311 384 841 10
356 663 719 150 384 341 783 3031
1296 1277 1033 3 2633 46 10 3
38 10 3079 162 43 61 11080 31
356 4805 1707 8 668 31 4663 1585
4338 11956 4341 11707 2478 356 974 647
738 8168 8961 9763 356 8842 9171 7682
46 5331 22 127 4321 1080 10 13696
22 783 2568 3293 46 10 3764 31
1661 51 127 1393 59 168 1231 72
998 2612 783 1514 22 783 2612 5106
281 111 46 12596 323 6872 267 1186
2089 408 23 16 121 1173 456 15
2099 8820 121 2099 356 8821 121 2099
33 1642 456 532 272 121 179 8
31 22 51 108 59 15 661 31
74 121 493 114 974 41 10 4290
4547 456 63 560 4548 55 10 3361
129 10 2560 1353 31 129 10 3001
14 33 22 267 328 4730 126 323
63 243 840 55 10 2655 46 10
31 669 62 2989 748 10 91 998
406 78 841 8228 31 267 4559 116
125 356 900 6256 31 3618 123 10
668 31 328 656 748 1987 365 4
41 8 125 243 955 46 218 3023
113 246 1657 1649 113 2123 323 10
113 108 2565 10 3067 661 46 10
356 738 38 10 3067 472 2123 3052
31 123 748 1056 150 10 406 22
2373 38 1534 31 6431 38 815 31
116 656 560 157 22 2373 583 58
356 738 841 10 225 2063 3034 16
4751 46 178 7914 31 10 7329 46
6156 748 2793 783 2612 2181 218 10
31 113 456 2687 5480 218 46 125
702 61 2213 8 160 4749 61 2246
547 3023 14246 543 14247 356 14248 14111
656 3007 31 114 150 384 202 327
3420 323 10 3425 31 3199 191 150
13779 22 23 41 543 2585 8 22
3414 1585 4331 656 427 157 23 456
10 2 46 10 1517 31 46 10
114 150 7658 669 62 15 427 2854
154 4467 419 31 554 872 46 10
1186 116 8 10 4136 1649 10 3247
46 10 405 23 41 38 318 267
31 257 995 150 668 1987 1585 1358
225 841 10 54 31 1002 10 493
1987 406 160 215 31 10 3141 46
456 15 72 4794 38 560 4876 31
406 4479 3008 440 168 22 267 92
456 4634 33 2373 456 59 1148 243
126 2514 656 384 31 5580 10 926
738 38 449 1664 2677 46 1534 267
877 38 106 39 456 2565 14 150
46 6589 1420 22 14 78 168 113
43 29 5108 10 896 46 3997 8078
1128 4920 31 6498 356 738 719 7160
2677 150 125 31 257 384 61 1034
3911 234 61 7825 123 8417 10 2099
220 12689 1200 13384 23 16 4009 41
38 783 1610 46 10 406 2886 3440
10 3299 371 6108 43 125 38 361
366 367 121 2709 31 890 369 22
328 111 46 1585 2546 72 669 4
9855 281 106 661 150 10 9867 22
566 449 1155 874 31 2373 4 59
202 4 2373 234 10 4168 46 392
1987 392 257 995 8 10 1327 46
6639 6741 31 6742 356 738 6743 31
2563 113 384 31 132 384 31 154
106 9869 668 1527 168 255 72 669
947 356 10937 1080 10 3253 1074 1452
356 3445 8 10 8772 46 10 4239
5415 456 2313 31 449 5962 3595 2582
427 2854 1154 38 121 440 8 1056
1987 47 10 406 218 2373 121 958
8 4049 150 570 218 10 2077 46
121 2644 388 243 2644 234 16 1838
738 554 78 821 2648 31 719 150
61 12 171 38 218 3 3412 8
46 8177 356 1180 1052 16 178 2270
46 243 4698 3356 524 61 269 3626
4710 38 786 1134 31 446 783 6172
1539 3 46 10 39 8 2968 10
10 179 46 222 2687 10 131 46
43 748 38 10 1409 46 427 2815
72 55 10 1069 168 328 55 302
10 2099 46 4415 549 31 113 550
1698 427 3742 281 328 150 668 1987
31 8 449 1069 805 178 1071 38
311 830 3031 783 58 38 10 10567
738 446 113 246 1657 1030 113 2094
608 10 256 1707 22 596 5334 570
10 1610 392 23 78 3995 8 1585
1916 2123 10 2579 38 10 6513 46
669 62 2250 748 1098 10 5475 31
3600 55 14 78 4271 31 178 3997
16 1452 719 150 1452 3117 59 55
2271 15 3951 38 243 5203 5204 1649
218 10 1327 22 669 4 544 150
31 3068 384 31 3951 384 38 10
608 31 560 357 357 1017 2373 2467
6863 31 6864 356 738 6865 31 6866
1069 4650 123 554 31 719 3175 41
408 46 1090 656 669 2123 150 748
55 8157 2624 10 2677 23 669 4
2677 31 3232 123 14 55 178 215
392 72 172 22 127 1634 129 10
356 738 669 3399 748 328 312 14124
1199 31 50 669 15 2445 188 10
5983 31 388 150 5786 4 113 1770
10 8456 46 10 4552 7647 23 41
279 830 22 10 406 427 392 261
10 2099 46 7591 2707 8 2107 33
113 4 127 281 111 46 10 408
2811 31 234 61 3255 8 218 121
46 10 1033 5176 31 46 10 3181
356 356 1916 3237 7536 10 6333 23
1123 11515 8 10 1134 1154 10 2854
473 8 1452 1151 473 8 218 22
125 72 2425 222 38 10 1506 2546
10 365 46 366 31 59 9325 841
11442 3920 150 384 55 267 78 2446
113 108 2565 10 3528 46 10 4871
10 2546 46 218 125 22 2746 188
4722 841 348 31 2780 43 178 4722
31 2740 473 8 10 3170 46 121
356 6970 10 406 129 10 926 2373
322 8 6452 43 125 22 453 323
3403 31 3841 10 1972 46 3842 10
668 33 669 1186 323 8143 31 2789
59 249 72 10 249 46 10 8506
3007 456 103 150 570 319 4473 61
46 10 1210 31 374 1420 10 1210
1994 668 10 4174 46 1585 3304 22
113 317 22 10 2422 3087 388 113
2633 2989 668 10 3315 46 10 406
384 356 738 2592 3201 123 384 22
11409 55 1452 716 3942 55 1452 2330
691 719 208 150 384 564 4408 9297
1192 31 3298 456 15 6100 322 566
356 738 10 406 719 150 668 3326
31 218 121 222 31 218 10 1012
4363 456 15 2589 31 10 8217 456
1033 2998 31 63 125 8123 38 1585
2004 31 317 384 2273 10 485 38
2546 8 3571 841 10 4062 46 374
91 22 41 3182 22 267 41 61
356 356 90 2089 348 4062 129 10
46 2307 10 4540 41 61 5306 5283
374 719 8 7747 5823 669 59 1994
352 31 8 121 2834 31 8 121
537 628 656 748 31 10 943 880
994 1585 1173 188 748 31 11290 9422
2820 31 1194 1452 848 38 10 2818
14183 38 10 1143 46 1010 8 1968
38 4660 31 38 4688 31 38 2845
532 10 352 188 61 408 50 10
24 923 877 31 456 59 281 323
43 748 31 43 427 179 805 748
23 267 278 544 150 384 188 61
356 356 738 355 719 8 3901 1553
4 1430 1004 2683 38 160 3037 281
356 356 738 669 2473 65 22 10
59 19 14199 1098 570 356 545 387
799 38 1585 2546 8 2565 1585 3530
31 3202 125 31 154 125 191 323
10 4168 2123 272 31 669 2473 281
381 719 8 7459 3574 59 783 61
129 732 52 105 224 20 2986 408
2959 31 305 10 4168 46 10 406
564 41 106 22 783 2612 565 150
41 754 150 570 72 10 1327 46
14 456 15 5214 43 10 921 46
55 38 1585 1134 41 371 893 118
1987 662 2737 2836 668 669 1056 748
10 179 38 10 5840 566 10 10207
10 365 46 2561 31 10 407 46
272 178 183 111 46 10 408 46
890 12757 31 271 125 8 10 894
719 150 668 3728 668 10 1069 155
384 22 872 218 3 566 384 22
281 116 150 668 323 10 2958 31
2568 59 2498 1649 384 43 4352 33
8 15 2445 31 10 256 46 1585
22 41 643 118 3621 22 22 5707
243 2810 31 2445 1544 2811 31 499
2749 38 10 4698 46 7557 23 41
556 786 1173 31 62 2565 748 31
2524 38 172 1409 31 38 22 256
4927 178 12791 31 2856 10 3407 46
472 43 10 1081 46 10 2653 2644
10 1762 1233 783 2568 281 323 10
104 1139 22 1128 116 10 2749 46
6298 1528 38 10 661 46 10 2560
669 3006 31 1084 61 2517 72 10
222 102 246 1098 570 55 560 2624
2754 4909 46 846 31 4904 10 4902
1192 456 2373 15 1290 38 7053 31
51 628 225 890 10 64 841 106
10 5859 168 10 2712 46 3298 456
356 2419 456 208 2565 218 1585 3530
1585 392 2273 106 328 31 3235 668
872 10 3467 188 121 157 191 2793
8462 246 38 178 1034 473 8 10
10 4943 880 31 218 10 4943 46
31 8 10 10611 31 8 125 22
31 254 59 1449 116 323 10 1528
356 738 8549 365 46 1844 2123 123
38 10 11626 1647 10 661 46 121
10 3037 46 1534 31 2762 46 218
15 13974 33 2632 188 22 13975 1283
10 406 2123 150 668 319 356 1077
281 272 111 46 10 2677 31 113
31 2582 22 24 73 179 41 3225
2677 356 3019 3372 59 10 315 2582
1272 327 10 662 2737 2523 669 388
1233 244 78 8377 446 267 2707 8
267 150 668 69 41 10 2814 22
356 4775 55 1891 4776 55 4776 4777
106 2077 123 6833 10 11465 2677 190
3 46 570 31 3 22 14343 703
4 388 1430 46 10 6311 444 31
8 63 243 5029 55 384 31 64
1600 2677 23 2607 4290 38 10 1595
31 218 10 4266 872 267 1098 10
560 9379 11910 10 7418 31 872 841
125 22 2047 384 22 407 583 2687
14 78 168 22 38 10 757 31
91 2571 821 5597 16 384 31 267
2764 768 10 39 24 59 1062 748
322 6978 31 111 46 3657 113 22
3088 456 10136 966 38 10 661 46
22 113 1283 257 384 1212 31 29
6333 78 51 22 267 92 2570 1994
4470 1230 10 3181 46 10 179 46
392 46 374 1698 59 560 800 31
3561 31 1161 384 113 456 6455 178
446 10 179 46 374 317 46 14
1165 125 8 3046 16 10 4363 46
3523 178 3802 31 3088 31 2548 125
456 370 449 64 123 121 2268 31
2568 2107 125 805 178 2874 16 10
2523 581 427 2854 24 3974 1024 10
59 150 570 38 197 325 33 328
46 392 3609 457 61 2799 31 1878
10980 3 31 16 10980 3 456 267
669 3033 116 3111 2122 31 1420 31
456 15 4052 38 10 408 46 1090
5145 46 178 5138 46 1515 31 218
46 392 78 1430 31 504 46 1452
356 824 46 560 396 13163 456 222
1430 966 209 11655 22 10 2764 41
234 10 4939 46 10 4239 31 10
186 24 8330 570 8 3167 129 10
356 900 10 2526 472 46 8212 8377
267 3780 504 121 419 234 192 1895
589 248 10 1350 2383 8 2384 31
356 738 267 327 150 668 4703 2855
20 111 46 10 4851 669 619 1994
2063 3034 5785 31 5800 998 2373 337
2478 356 1916 9532 10 365 234 61
1540 61 4277 9136 38 10 7543 446
3048 55 267 278 1123 384 966 31
5069 669 114 150 570 40 456 15
202 24 10 662 2737 3280 150 668
38 10 1762 455 232 456 3032 129
5331 46 121 428 23 267 278 565
31 267 22 41 1033 1024 384 15
31 10 5403 3046 10 1279 127 5268
46 160 662 663 1010 15 43 570
38 2545 822 608 669 4 61 839
4564 38 2443 31 267 24 29 2620
2811 890 3010 2714 3685 2714 267 3563
446 113 246 281 323 10 1134 113
13207 31 783 7565 10 1148 880 33
179 46 10 2339 456 15 1825 111
31 1673 322 55 3030 51 38 10
256 46 178 1734 33 1585 1069 74
1838 4053 10 1213 31 5130 14 354
267 719 150 125 3326 10 4935 841
10 2677 31 10 936 7752 46 10
6093 22 7181 427 5859 38 10 7063
738 121 428 3956 31 719 669 74
46 10 4168 2185 656 55 10 1817
4239 1186 323 10 8074 363 46 10
7261 10 7209 46 10 3247 23 78
446 2582 1420 384 22 267 78 61
31 2524 50 10 4540 15 1354 323
10876 583 15 591 10877 218 1360 46
43 10 5013 14 456 267 716 966
2835 3451 255 188 10 4871 73 1409
61 3996 315 351 783 2612 719 168
319 518 3296 10 406 456 58 106
1151 31 62 3294 668 150 121 892
10 2835 2780 14 31 10 407 46
524 31 246 2288 46 125 31 1273
524 121 1069 371 62 267 6156 121
4 2622 150 427 1327 23 783 7116
116 150 125 381 8 15 178 365
82 46 10 406 63 6511 38 10
46 374 1842 192 155 111 46 3645
356 411 50 669 43 10 4498 46
10 3251 1064 22 5039 966 72 10
10 1752 841 348 129 3172 31 1678
352 22 43 14 267 108 2816 10
78 429 434 31 719 150 384 2523
10 1033 1034 388 10 846 46 10
61 3733 1987 406 656 1585 1040 2565
31 4518 10 7029 31 2111 10 4899
1100 267 7499 322 43 2574 31 1172
38 392 1080 160 662 663 1010 16
38 121 3530 118 38 121 6167 208
305 10 955 46 2733 1233 1722 398
1191 218 22 267 2297 116 688 38
38 10 1134 46 10 406 356 751
5419 22 23 669 445 31 14 456
1033 4566 31 38 10 2526 661 51
738 14 78 168 22 446 10 179
455 61 661 31 2159 31 271 49
381 267 456 3621 125 31 267 456
10 7543 23 669 4 593 8 10
719 10 406 150 668 7118 554 31
1077 46 91 2123 59 8 15 5545
1769 10 197 46 392 357 41 10
328 31 4217 10 179 46 8867 31
113 12650 178 2850 22 113 583 2489
31 10 1077 46 91 456 15 671
61 1838 38 1090 31 446 218 1452
846 31 46 1515 246 2714 3318 31
783 2568 1192 31 2313 38 427 343
841 121 799 1173 31 841 121 54
2467 38 10 1826 31 218 1452 222
106 22 41 281 150 10 2099 46
121 3743 38 121 1173 31 2732 384
1186 8 384 31 1267 116 121 8341
78 61 91 1123 129 392 190 493
7910 356 1 2099 46 5681 10 2099
10 365 24 4431 619 10 567 222
188 10 4239 31 2657 841 22 661
656 554 31 719 1698 702 1548 116
404 5116 55 218 10 894 46 318
8 668 356 202 327 10 406 2523
281 16 61 399 31 105 829 4871
121 396 3949 841 384 31 132 384
2699 2373 668 8199 31 218 1534 31
356 2623 2612 593 702 457 2641 1740
10024 10 12841 12842 783 2568 6902 668
356 341 38 106 877 325 102 4
47 188 570 118 5735 570 504 2373
14 31 113 1507 218 10 3540 46
668 31 2565 1585 3529 31 58 125
5350 10 1134 31 2510 10 8506 43
2752 456 15 10 1448 880 31 61
55 10 7795 272 46 3010 31 55
12888 150 702 356 1577 23 102 4
61 170 46 10 1977 22 41 38
2735 222 46 6487 31 2572 125 356
150 570 1577 73 456 281 129 10
1186 111 46 10 3247 46 121 2677
160 10518 38 455 4321 38 10 12887
24 7300 3224 31 2589 1452 1040 211
738 10 406 427 392 62 63 748
2886 2297 783 116 10 3116 55 14
738 381 473 8 10 319 46 3648
356 356 4816 783 2099 46 91 1128
1916 246 10 222 2778 1472 31 719
3293 267 31 10 222 22 246 43
8 9682 10 938 46 10 4527 31
78 328 671 323 10 1173 46 10
15 1679 446 113 505 668 504 669
46 10 2794 879 8 9611 10 939
1953 46 218 10 179 46 374 38
218 22 267 387 127 113 59 772
738 446 267 2123 150 7145 10 2422
356 356 738 72 232 1070 46 10
10 348 822 23 127 38 10 3037
61 14515 3259 1277 10 4062 38 2546
356 411 446 10 365 317 880 267
78 38 7053 2720 1233 38 10 1409
10 493 46 160 662 663 1010 22
738 446 113 254 59 281 4244 150
456 3167 966 2446 38 22 661 327
371 62 669 191 2816 52 105 449
1844 31 1161 384 172 62 669 1024
61 3304 31 4174 46 121 787 188
2758 162 10 3246 783 14332 384 43
406 2558 272 43 3598 61 11849 8297
121 4136 31 7299 72 61 4290 91
46 1076 23 127 16 663 1010 150
125 31 10 890 2824 2274 267 1098
267 387 8 5785 31 8 5800 649
2398 46 10 179 46 374 31 114
102 719 150 1585 3226 1 3328 619
10510 123 543 222 371 2410 8 15
1166 305 22 256 22 3303 31 3340
58 125 38 10 408 23 669 257
218 1213 22 267 108 257 6479 877
4436 111 52 46 204 657 129 656
3318 2752 31 841 10 3612 2063 890
10 10200 46 10 2425 31 4407 10
15 783 10576 46 10 10489 46 10
150 5826 23 669 367 59 118 1070
4750 4780 61 91 20 61 2579 22
10 2099 46 8462 10 7749 8 8430
10 406 31 10 2810 46 1544 2644
405 31 3286 10 4854 46 10 12773
584 1649 125 532 3140 31 2670 125
46 12603 998 2373 12834 998 392 1602
381 1585 428 31 2473 1128 841 10
132 5793 3094 31 271 3487 150 222
2422 3461 443 805 3901 31 805 121
1218 2702 5004 2568 783 716 55 61
4854 31 841 10 225 2063 23 78
31 9476 46 10 179 46 8815 2704
31 3068 4190 43 429 4513 129 10
10 352 38 10 256 46 178 6464
234 4959 72 38 10 2303 31 872
55 1452 10396 456 15 1483 31 10
10 4239 2563 116 10 2747 46 10
973 356 90 1358 46 4271 2649 23
2568 59 716 10 493 46 10 406
218 10 269 4315 22 113 278 1430
102 4 1848 427 3529 356 1326 783
2677 46 381 150 10 1134 22 267
4 4407 111 560 396 2122 31 4
544 319 11425 757 1233 72 10 1233
2563 384 22 661 31 92 1024 384
1165 384 8 1108 322 31 8 15
879 267 1123 10 1069 966 323 178
61 197 544 38 5224 4008 830 12
2123 8 668 319 356 2807 31 3232
4347 38 1173 10 2425 456 59 15
278 2837 384 365 1649 374 31 22
406 33 59 72 10 649 46 374
417 3031 783 1585 2099 15 10920 43
738 10 365 3469 9844 1191 218 10
4543 669 62 3250 8 257 49 150
23 10 406 367 554 8 63 43
6492 46 4522 23 2582 278 2847 38
11159 31 1186 1649 10 1595 2559 12619
794 15 4150 10 2593 46 64 397
392 24 671 125 323 786 2468 31
456 255 5494 10 1151 46 178 2468
116 121 5828 31 719 5663 186 456
738 113 456 9954 384 31 872 384
46 10 5060 46 3655 6603 43 1452
318 31 387 1825 125 8 10 926
3162 2563 10 5218 31 2745 14 43
267 15 1442 8 370 43 668 31
3703 8 668 1987 406 31 2470 8
1707 129 10 406 23 234 318 31
59 1585 3226 669 1056 748 4166 106
783 2612 1438 543 418 786 1173 188
3247 31 243 6436 129 10 134 31
2307 311 10 2296 456 2297 384 116
46 64 397 7940 178 179 31 178
3418 8 3032 1017 267 4145 702 5597
43 10 3814 46 10 352 31 267
738 267 1070 8 125 61 5828 2523
1649 656 125 31 3200 302 8 10
121 428 234 384 10 368 356 8459
31 113 1186 16 10 82 46 10
46 91 72 46 218 10 4294 46
62 3414 3111 3600 188 748 31 62
356 69 669 114 208 31 6084 38
46 318 31 387 1825 125 8 10
10 368 46 178 183 31 106 41
1154 46 427 179 2597 38 684 72
3341 16 10 2810 14 41 1527 33
10 1134 46 1642 168 22 374 78
5493 31 418 560 1173 188 560 1040
10 12855 31 246 1128 322 155 12623
738 50 16 1209 311 41 14 104
4660 31 4688 31 127 2446 31 127
4322 46 374 31 218 10 2549 46
2907 2099 31 3978 384 38 12994 3949
317 1585 315 31 24 593 668 61
398 3237 31 719 150 121 1295 738
356 738 8 10 419 46 4376 4051
125 1662 4722 1277 384 31 113 246
341 783 2568 2565 218 204 3529 8
41 61 3255 46 10 406 38 4281
12853 23 418 1267 43 125 22 278
40 41 61 2466 444 8 2467 323
31 1128 116 10 6498 880 10 5596
3318 6548 38 10 2784 356 5443 10
406 43 1585 410 440 669 62 2989
356 7118 267 3729 116 1515 72 10
168 1024 384 1027 46 22 893 31
16 389 116 61 5715 188 10 408
31 1024 125 74 22 392 7939 38
2581 127 1082 305 10 4606 1040 72
121 183 590 59 456 267 1721 43
10 406 22 2479 748 1987 1037 31
267 278 317 22 267 78 2992 129
46 10 222 22 1186 8 687 10
46 374 371 456 113 57 323 10
55 243 962 72 14 41 106 661
218 3 127 55 560 3236 22 10
150 3400 31 3180 3406 8 3400 10
2644 41 3951 456 10 2653 2644 15
111 46 10 405 46 10 406 218
356 2785 427 3820 3577 46 3943 31
31 1108 150 121 4400 38 22 23
46 14 31 61 2756 31 61 3430
2989 3279 31 11973 449 91 8 121
129 748 106 661 31 24 593 14
8 384 3433 2099 2603 783 783 2702
125 31 267 628 16 125 566 10
24 636 748 22 783 2610 74 121
113 317 22 267 278 565 106 4474
356 738 446 14 78 661 267 1002
356 356 738 12852 446 267 278 1002
2572 31 1585 6934 63 104 10546 1987
8476 123 10 682 954 456 59 15
4225 4 1389 125 8 1548 4823 113
77 10 241 78 593 16 554 33
10 2702 222 22 246 3973 116 43
31 11841 10 2099 46 8520 31 8278
6412 22 106 13632 62 15 43 2703
356 738 267 3272 31 2563 10 2702
22 267 24 5 279 46 10 2296
719 150 10 2169 874 7058 783 1649
46 1585 1069 374 31 12291 1585 7413
669 3414 243 4257 656 748 8 2565
129 10 10567 46 3034 150 10 4620
583 716 966 10 4487 129 668 31
188 106 1197 846 1515 2272 1541 2749
15 1231 31 1024 1218 716 121 4041
22 398 278 31 218 10 4069 3037
43 269 142 2563 384 966 111 46
183 1134 38 1452 2815 356 738 1452
7197 7369 2099 3272 31 1186 8 381
738 267 387 22 23 78 543 38
281 150 10 2677 8 716 14 31
392 473 8 121 5714 1602 150 374
583 43 64 736 31 64 1040 10457
6274 8 103 61 197 38 1585 493
33 2725 38 10 10285 31 38 10
738 7661 10 2099 46 7662 2123 8
1352 91 2987 1098 570 456 15 3182
22 127 43 2987 31 8 125 22
1235 22 4 671 178 1353 111 46
669 32 218 427 9736 2273 218 3
22 10 1145 23 267 1404 46 668
46 10 5060 46 10 179 46 3657
267 3198 841 10 4062 46 10 649
218 10 1118 46 815 31 669 62
581 267 22 24 61 10897 1024 384
748 2077 3031 783 59 2470 150 668
46 1534 24 565 204 5352 31 24
1627 46 3141 11670 31 6186 127 38
46 365 7746 2697 46 8288 2563 1645
10 430 46 10 365 46 1844 22
4726 38 10 240 3930 38 10 256
2850 246 457 10 2850 46 4272 31
178 5189 456 2373 59 2588 113 127
38 61 3936 23 211 1165 113 4
1420 10 929 3609 129 318 457 61
719 3768 668 669 1056 748 1807 10
406 41 12 55 121 3279 9137 55
419 46 5668 10 2099 46 4699 10
189 127 457 890 2702 9088 22 127
6433 3252 10 406 456 3782 125 272
8 121 4878 356 669 92 230 1585
356 7347 2373 129 91 190 2538 41
406 456 4397 111 121 1173 502 267
15 838 38 121 1040 245 267 3228
150 10 224 46 10 348 2296 23
3250 116 123 125 327 10 406 46
31 10 179 46 2544 23 246 38
408 188 10 2784 46 374 31 64
55 384 456 267 2489 10 134 256
15 61 2756 1277 31 121 8068 456
267 4247 302 31 404 116 218 10
22 2123 202 456 2373 114 150 10
46 10 2425 31 10 1040 46 10
55 10 406 24 593 668 73 419
46 374 2725 188 1068 408 38 10
10 4889 31 271 328 8 125 22
319 2807 31 3203 38 3034 1663 455
532 14 111 3133 16 3133 1024 104
16 1585 428 8 281 188 748 311
38 10 661 46 361 22 51 78
46 318 129 1191 356 738 16 427
9444 365 46 9442 22 267 234 61
178 344 46 1585 2811 234 16 1838
46 3457 31 1024 427 2494 3371 10
38 10 405 46 10 406 31 2373
356 5230 10 1173 46 8524 10 2099
3659 2434 150 427 1503 69 58 2373
52 105 8 207 106 6390 38 374
1577 10 493 46 160 662 663 1010
356 217 51 456 15 61 3626 1982
150 125 22 127 11080 31 58 59
356 1229 41 61 2765 1987 830 10851
62 3139 748 72 3102 22 1549 12064
179 22 1027 46 10 344 46 10
45 46 427 2593 15 783 2300 129
31 7413 150 10 406 267 3272 129
31 1503 245 669 4 3995 1527 123
738 267 5057 322 10 2964 46 3771
192 1556 502 153 1867 102 924 296
46 8163 10 2099 46 8164 22 267
46 952 129 10 934 46 10 2485
16 10 984 766 55 10 1196 31
64 91 8275 10 2099 46 8276 16
278 328 4714 46 723 1727 31 61
446 2582 1420 22 2582 278 4301 31
4 317 114 46 748 22 783 4044
15 2696 31 2695 31 72 427 1409
41 10 493 46 14 1002 2887 504
46 570 127 10025 16 10 241 2373
113 108 15 43 384 31 22 267
31 218 427 3741 38 10 1189 46
504 10 5019 46 121 392 41 188
328 1453 22 51 456 15 61 12788
7192 783 668 116 31 669 456 15
121 397 150 384 341 9452 15 46
150 10 406 55 267 41 12 55
518 10 368 10368 90 10365 46 381
191 129 318 564 392 24 5268 22
356 77 783 2612 5 61 10161 55
69 41 663 10 1211 46 12603 46
2612 671 1585 2540 129 224 3111 2122
356 411 669 2473 61 4677 31 104
9457 9615 31 9616 31 8838 31 9617
64 2063 31 61 2756 841 10 225
392 719 1698 10 2481 566 10 318
38 2999 10 4239 46 10 348 822
10126 2825 31 22 267 456 2313 305
31 267 2673 38 6714 38 2958 1642
738 10 419 46 4464 8828 31 8829
356 356 1916 398 5144 10 4322 46
356 738 2582 278 61 2697 1002 12593
5125 22 246 188 121 508 2539 72
3588 5331 15 5185 748 20 8 114
8 1027 893 656 10 406 267 456
356 2614 22 23 583 15 1062 46
457 61 2846 31 113 22 2687 2831
38 10 1838 55 880 456 61 1838
783 11730 374 327 10 406 31 669
1987 2538 31 6584 188 204 2700 22
3175 3120 102 328 127 3258 1277 43
5108 31 46 269 3279 5111 3141 31
783 2568 15 7045 504 51 41 1977
10 3982 787 31 872 10 2644 46
267 1128 61 4737 2516 46 10 3348
1464 113 127 10 4835 150 10 406
8 2246 10 1972 46 815 24 2229
1541 23 669 1720 570 106 661 38
204 657 129 656 570 31 2373 456
356 518 998 328 267 3280 302 1634
31 5074 668 155 3259 1277 34 783
22 783 2612 3469 43 218 125 22
738 7197 7369 2099 278 61 2099 22
1642 24 234 73 5116 8 2653 5116
10 2518 46 10 269 1595 3119 73
6314 51 31 10046 38 178 1441 356
384 3356 524 388 323 10 8217 46
46 392 5707 65 1739 106 8269 1
445 748 669 62 257 748 1218 2840
111 123 570 31 6102 570 72 6103
188 10 4045 46 10 2547 5774 31
31 102 246 38 22 2677 5838 220
738 267 2123 31 1154 125 6969 191
