10291 10849 12551 12727 12895 18547 18707 33469
33429 52957 54645 54649 54657 54665 54669 54673
12367 12371 12423 12679 12807 18871 18883 33465
18563 18567 18571 18575 18579 18583 18587 18743
12527 12531 12627 12691 12819 12823 12879 12903
12703 12735 12759 12795 12815 12827 12847 12895
12771 18571 18583 18647 18651 18655 18659 18663
12299 12343 12355 12371 12399 12403 12411 12547
12903 18419 18423 18427 18431 18439 18443 18447
12795 12799 12803 12807 12811 12815 12819 12823
12523 12663 12667 12671 12687 12835 12839 12847
12487 12495 12627 12807 12895 32201 32205 32213
12795 12799 12803 12807 12823 12827 12831 12835
12355 12551 47957 48639 48651 48671 48683 48687
10291 10295 12459 12463 12491 12495 12523 12715
12459 12463 12467 12471 12475 12479 12483 12487
12491 12663 12823 12827 12831 12835 12855 12867
12759 12763 12771 12779 18603 18779 20803 20807
12679 12683 12759 12815 12819 12827 12895 32209
10299 10307 10311 10315 12463 12683 12695 12703
12739 12743 12759 12763 12771 12779 12831 32197
12831 12835 12847 12883 12887 18447 18507 18511
12895 18423 18459 18691 18831 32205 32209 33433
12487 12571 12575 12643 12687 12703 12715 12875
12491 12495 12621 12679 12691 12703 12739 12771
18671 18675 18679 18683 18743 18747 18751 18755
12351 12355 12367 12375 12395 12399 12403 12407
10829 10849 10853 10857 10861 10865 12299 12343
18555 18559 18563 18567 18571 18583 18587 18595
18423 18427 18431 18539 18543 18611 18615 18619
12523 12527 12531 12627 12655 12663 12667 12691
10315 10339 10833 12459 12467 12611 12663 12675
34901 34905 34909 34913 34917 34921 34925 34929
12359 12483 12503 12507 12511 12515 12519 18639
12839 12847 12851 12855 12859 12863 12867 12871
10291 10295 12535 12539 12703 12895 32213 33449
18755 18759 18763 18767 18775 18779 18787 18795
33449 33453 34889 34901 34905 52973 54669 54673
10311 10829 10833 10849 12355 34893 34925 34929
12331 12335 12339 12343 12347 12351 12355 12367
12411 12621 12815 12827 12875 12895 18619 18787
12343 12347 12351 12355 12359 12363 12367 12387
12571 12575 12647 12655 12659 12667 12671 12715
18495 18499 18507 18523 18539 18543 18547 18551
12799 12807 12811 12819 12827 12847 12875 12891
10295 10307 10311 10315 10339 18419 18499 18879
12495 12679 12703 12735 12759 12831 18647 32213
10335 10339 10861 12475 12483 12527 12531 12611
34893 34897 46281 46285 46289 46293 48675 48707
47965 48575 48639 48643 48651 48683 48691 51929
10861 10865 12523 12527 12531 12535 12735 12739
18651 18655 18659 18663 18671 18675 18679 18683
12763 12815 12827 12843 12895 33449 33461 52973
18447 18451 18459 18547 18551 18555 18559 18563
33437 33441 33445 33449 33453 33457 33465 34885
12667 12671 12679 12683 12687 12691 12695 12703
12755 12759 12763 12767 12771 12779 12891 12895
12467 12471 12483 12487 12523 12659 12835 12839
12399 12403 12407 12411 12419 12431 12435 12443
32221 35149 35181 35201 35213 47253 47265 47269
10861 12591 12691 12703 12775 12779 12851 12895
35197 35201 35205 35209 46281 46285 46289 46293
12883 12887 12891 12895 12899 12903 18419 18423
12463 12479 12491 12531 12535 12539 12647 12651
12691 12703 12739 12755 12771 12795 12815 12827
12659 32201 32205 32213 32221 33449 33469 35157
12771 12775 12779 12783 12787 34885 34905 54645
12691 12695 32205 33429 33449 33469 34885 34889
18683 18743 18747 18751 18755 18759 18763 18767
34909 34913 34917 34921 34925 34929 35149 35153
10303 10307 12531 12827 12855 12887 32197 32205
12691 12695 12703 12715 12719 12723 12735 12739
12631 12655 12663 12667 12683 12691 12695 12703
12479 12621 12679 12739 12751 12759 12763 12767
12621 12739 12755 12759 12763 12767 12795 12815
12571 12575 12611 12621 12683 12743 12747 12755
10331 10335 10339 10343 10829 10833 10837 10841
12339 35185 47285 47957 48655 48663 48667 48671
12695 12703 12747 12751 12755 12775 12907 18459
12571 12683 12687 12703 12795 12819 12823 12875
12831 12855 12871 12879 12903 30263 30267 30283
34921 34925 34929 35149 35153 35157 35161 35165
18879 18883 20803 20807 27385 27389 32197 32201
18467 18471 18475 18479 18483 18487 18491 18495
10311 10315 12479 12483 12487 12663 12667 12679
35193 35197 35201 35205 35209 46281 46285 46289
12683 12691 12703 12827 12855 12895 33449 34885
12799 12803 12807 12811 12815 12819 12823 12827
18847 33445 34885 34897 34913 34921 35149 35169
18663 18671 18675 18679 18683 18743 18747 18751
12335 12339 12375 12399 12403 12603 12607 12611
18627 18663 18675 18695 18707 18727 18735 18775
18699 18703 18707 18711 18715 18719 18723 18727
10335 10339 12647 12651 12751 12775 12807 52425
18683 18743 18747 18751 18755 18759 18763 18767
18639 18643 18647 18651 18655 18659 18663 18675
33429 33433 33437 33445 33449 33453 33465 33469
12671 12675 12687 12711 12715 12719 12723 12727
12695 12703 12795 12799 12803 12807 12823 12827
12299 12407 12411 12431 47945 47953 47957 47965
33465 33469 34885 34889 34893 34897 34901 34905
10857 12559 12563 12715 12719 32197 32201 32205
32205 32209 32213 32217 32221 33437 33461 34889
18759 18763 18767 33425 33429 33433 33437 33441
10311 10315 12487 12627 12691 12843 12871 12879
10315 12483 12487 12571 12703 12875 12899 32205
18447 18523 18603 33429 33433 33449 33453 33457
10295 10307 10311 10327 12527 12695 12807 33437
10335 12535 12539 12631 12647 12651 12655 12695
12827 12831 12843 12855 12903 33425 33429 33433
12683 12687 12691 12695 12703 12795 12799 12803
12535 12575 12703 12895 32213 33461 52973 54669
12607 12611 12615 12621 12635 12663 12667 12671
12407 12555 47273 47289 47945 47949 47965 48675
12483 12571 12575 12659 12663 12687 12695 12875
10295 10307 10311 12487 12571 12683 12687 12703
12799 12807 12831 12835 12867 12895 33429 33437
10315 10857 10861 10865 12611 12621 12631 32205
10291 10295 10311 10315 12479 12483 12487 12643
12787 54653 54665 54669 56045 56627 56631 56691
12807 12823 12827 12831 12835 12839 12847 12851
12587 12591 12595 47945 47949 47953 47957 47973
12559 12643 12659 32201 32205 32213 32221 33449
10829 12299 12395 12575 12743 12779 32197 32205
32197 32201 32205 32209 32217 32221 33425 33429
10299 10307 10311 10315 12527 12611 12621 12663
12419 12431 12435 12443 12447 12451 12459 12463
18419 18423 18427 18431 18439 18443 18447 18451
10295 10299 10315 12523 12539 12611 12691 18499
12467 12523 12535 12539 12663 12807 33441 54653
10861 10865 12299 12343 12355 12367 12371 12375
12647 12651 12655 12659 12779 12783 12787 12819
12827 12831 12835 12839 12847 12851 12855 12859
12819 12823 12891 33425 33429 33433 33449 33453
30315 30323 30327 32205 32213 32221 33429 33433
12495 12523 12527 12531 12679 12683 12687 12691
12843 12855 12871 12879 12903 33425 33429 33449
18423 18427 18431 18539 18543 18611 18615 18619
12687 12691 12703 12739 12755 12771 12795 12815
18559 18563 18567 18571 18583 18587 18595 18599
10299 10303 10307 10311 10315 12487 12571 12575
12567 12607 12635 12679 18427 18691 18787 18831
18583 18587 18595 18599 18603 18611 18615 18619
12691 12763 12819 12823 32197 32201 32221 52985
10857 10865 10881 12355 12471 12479 12487 12491
18551 18555 18559 18563 18567 18571 18575 18579
56065 56069 56073 56077 56081 56085 56093 56097
33425 33429 33433 33437 33441 33445 33449 33453
12739 12771 12795 12803 12819 12831 12891 12895
12527 12611 12621 12743 12759 12763 12827 18795
18567 18571 18583 18587 18595 18599 18603 18611
18763 18767 33425 33429 33433 33437 33441 33445
32201 32205 32209 33433 33449 33453 33465 33469
18571 18583 18587 18595 18599 18603 18611 18615
12667 12679 12691 12703 12715 12875 32213 33433
12703 12715 12723 12727 12731 12751 12755 12759
12763 12795 12799 12815 12819 12823 12831 12895
10865 12479 12483 12487 12647 12651 12655 12691
34929 35149 35153 35157 35161 35165 35169 35173
35149 35153 35157 35161 35165 35169 35177 35181
18767 33425 33429 33433 33437 33441 33445 33449
12679 12683 12687 12691 12695 12827 12831 12903
12571 12583 12587 12591 12621 12687 12699 12703
12443 12447 12451 33425 33429 33433 33437 33441
12571 12575 12627 12631 12647 12735 12739 12743
12647 12683 12691 12695 32201 33433 33449 33469
33465 52941 52945 52949 52953 52957 52961 52965
12615 12621 12695 12739 12743 12755 12759 12767
12659 12663 12667 12671 12683 12711 12715 12719
18543 18547 18551 18555 18559 18563 18567 18571
18539 18543 18547 18551 18555 18559 18563 18567
12611 12615 12621 12683 12695 12703 12711 12715
10331 10335 12679 12683 12695 12703 54649 54653
12335 12339 12351 12355 12551 12783 34929 35157
10295 10299 10303 10307 10311 10315 10331 10335
10829 10833 10841 10849 12547 12551 12559 12567
10881 12299 12323 12327 12331 12335 12339 12343
10861 10865 12299 12343 12355 12367 12371 12375
10861 10881 12463 12467 12471 12483 12487 12491
12475 12483 12487 12491 12495 12523 12527 12531
12547 12555 12559 12563 12567 12621 12627 12663
12495 12523 12531 12535 12539 12795 12815 12819
10307 10315 12647 12651 12655 12667 12687 12691
10857 10861 10865 12299 12343 12355 12367 12371
10315 10331 10857 10861 10865 12463 12479 12647
18575 18579 18707 18743 18755 18767 18779 18795
30323 32205 32213 48707 48711 54653 54657 54661
10307 10311 12487 12495 12663 12667 12671 32201
12691 12695 12699 12703 12771 12775 12819 12831
33433 33437 33441 33445 33449 33453 33457 33465
12523 12531 12535 12655 12803 12807 12823 12843
10295 10315 12355 12371 12795 12803 12827 12835
10307 10311 10315 12479 12483 12487 12695 12703
12715 12739 12763 12779 32197 32201 32205 32209
12483 12743 12795 12823 12907 30319 32197 48711
12403 12407 12411 12419 12431 12435 12443 12447
12907 18419 18423 18427 18431 18439 18443 18447
12531 12683 12687 12691 12695 12795 12815 12827
12327 12331 12335 12343 12347 12351 12355 12431
33433 33437 33441 33449 33453 33457 33465 33469
12755 12819 12831 12843 12855 12871 32213 34897
12851 12863 12867 12871 12875 12879 12891 12895
12835 12867 12871 12875 12895 18511 18695 18707
35153 35157 35161 35165 35169 35177 35181 35185
12739 12743 12755 12771 12779 12819 30251 30315
35149 35153 35157 35161 35165 35169 35177 35181
10295 10311 10315 10319 10335 10339 10861 10865
18755 18759 18763 18767 33425 33429 33433 33437
12779 12799 12879 12895 33425 33429 34885 34897
32217 33433 33453 33461 34889 34901 47253 47277
12607 12611 12615 12715 12723 12731 12747 12755
35157 35161 35165 35169 35177 35181 35185 35189
12555 12611 12687 12735 12743 12759 12775 12779
10335 10339 12483 12487 12663 12679 12703 12875
12615 12667 12755 12767 12779 12783 12787 12851
12627 12663 12675 12679 12687 12715 12723 12751
12759 12795 12819 12831 33433 33453 33461 34885
18459 18539 18543 18547 18551 18555 18559 18563
12799 12803 12859 12863 12867 12875 12879 12887
34897 34901 34905 34909 34913 34917 34921 34925
12495 12551 12563 12711 12715 12723 12731 12747
18487 18491 18495 18499 18507 18511 18515 18519
18499 18507 18511 18515 18519 18523 18527 18535
12663 12667 12671 12895 18691 18703 18795 18879
12463 12487 12647 12651 32197 32201 32213 32221
10849 10853 10857 10861 10865 12299 12343 12355
10861 10865 12483 12487 12571 12575 12621 12627
18627 18631 18635 18639 18643 18647 18651 18655
12459 12463 12467 12471 12475 12483 12487 12491
12583 12587 12591 12595 12627 12631 12659 12683
12375 12395 12399 12403 12407 12411 12419 12431
10343 10853 10869 10881 12575 12751 18603 34913
30327 32205 32213 32221 33429 33433 33449 33465
12487 12571 12575 12621 12627 12631 12691 12703
10303 12695 12779 32201 32205 33433 33449 34893
12691 12795 12819 12827 12831 32197 32205 32209
12631 12679 12683 12687 12691 12703 12795 12815
33449 33453 33457 33465 33469 34885 34889 34897
12887 12891 12895 12899 12903 18419 18423 18427
12467 12531 12675 12775 12787 12883 47249 48679
12559 12567 12603 12687 12735 12755 12759 12827
12495 12695 34893 34897 34909 34913 34917 34921
10845 10849 10861 10881 12463 12467 12471 12483
10315 10331 10335 10339 12483 12487 12571 12575
33457 33461 33465 33469 34885 34889 34897 34901
12831 12835 12839 12847 12851 12855 12859 12863
12495 12523 12527 12531 12627 12647 12655 12667
12683 12687 12691 12695 12703 12795 12799 12803
12695 12807 32197 32205 32209 32221 33437 33465
12603 12691 12695 12735 12739 12743 12759 12763
18423 18439 18547 18563 18595 18611 18619 18627
33429 33433 33437 33449 33453 34885 34897 48707
12371 12395 12411 12435 12443 12459 12463 12467
10861 10865 32197 32201 32205 32209 48699 48711
10315 10327 12475 12479 12483 12663 12679 12683
18611 18615 18619 18627 18631 18635 18639 18643
33425 33429 33433 33437 33441 33449 33453 33457
10311 12411 12621 12663 12683 12715 12807 12819
12751 12763 12795 12815 12835 12843 12855 12895
12815 12883 32205 32209 32213 32217 34917 34925
10299 10307 10857 12739 12743 12763 12827 12895
12459 12467 12491 12523 12527 12531 12663 12667
12903 18419 18423 18427 18431 18439 18443 18447
12787 12811 12831 12847 12875 12895 18599 18603
12483 12523 12527 12535 12539 12663 12667 12671
35157 35161 35165 35169 35173 35181 35189 35193
12739 12751 12827 12831 12867 12875 12895 32205
12695 12699 12703 12739 12759 12775 12795 12799
12575 12747 12751 12787 18575 18603 18787 46289
34917 34921 34925 34929 35149 35153 35157 35161
12703 12715 12723 12795 12819 12907 18595 32209
12691 12843 12855 12859 12871 12903 32221 33429
10295 10299 10307 10327 10857 12527 12531 12739
12615 12679 12755 12767 12771 18423 18451 18543
10829 10833 10837 10849 10853 10857 10861 10865
33425 33429 33433 33437 33441 33445 33449 33453
12815 12827 12895 12907 18459 32197 32201 32205
12871 12903 32221 33429 33449 33469 34885 34897
18635 18707 32201 32205 32209 32213 32217 33433
18563 18619 18635 18675 18779 48667 48679 48683
12407 12411 12415 12419 12423 12427 12431 12435
10857 12615 12735 12743 12751 12755 12759 12763
12827 12843 12855 12871 12879 32205 33429 33449
33453 33457 33465 34885 34889 34893 34897 34901
10861 10865 12299 12343 12355 12367 12371 12375
10295 10307 10315 10331 12763 12779 33433 33449
12587 12595 18439 18443 18447 18459 18595 18599
12399 12403 12407 12411 12419 12431 12435 12443
12831 12835 12839 12843 12863 12867 12891 12895
12815 12827 12831 12867 12895 33449 33469 34885
10339 10861 10865 12483 12487 12495 12527 12535
12483 12487 12607 12643 12679 12691 12715 12723
10331 12655 12695 32221 33429 33437 33449 33469
12531 12647 12651 12655 12667 12671 12723 12739
34921 34925 34929 35149 35153 35157 35161 35165
18511 18527 18691 18695 18703 18735 18795 18799
10299 10307 10311 10315 10335 12735 12739 12743
12687 12691 12695 12795 12803 12807 12819 12823
12463 12467 12471 12475 12479 12483 12487 12491
35161 35165 35169 35177 35181 35185 35189 35193
12875 12879 12883 12887 12891 12895 12899 12903
12867 12871 12879 12891 12895 12903 12907 33425
12763 12795 12799 12815 12819 12823 12831 12895
12479 12491 12523 12527 12531 12627 12643 12647
12643 12679 12683 12695 12703 12731 12747 12755
10833 10869 10877 12347 12351 12355 12367 12403
32209 33425 33433 33437 33449 33453 33457 33469
10877 12483 12487 12603 12687 12783 12831 33449
10315 12355 12431 12483 12487 12555 12571 12575
12627 12631 12647 12655 12667 12687 12691 12695
10331 10335 10339 10861 10865 12483 12607 12611
33453 33457 33465 33469 34885 34889 34893 34897
12679 12695 12703 12815 12827 12895 32213 33449
10861 12603 12621 12631 12743 12747 12779 12783
12723 12727 12731 18487 18523 18543 18567 18583
34917 34921 34925 34929 35149 35153 35157 35161
12895 32197 32201 32205 32209 33429 33437 33449
10299 10307 10311 10315 12467 12483 12487 12523
12823 12827 12875 12895 32213 33433 33449 33469
12895 12903 30315 30319 32205 32213 34885 34893
34897 35149 35153 35173 35181 35193 35201 35213
10295 10307 12555 12663 12667 12679 12683 12703
12715 12723 12727 12739 12747 12751 12755 12771
12523 12567 12663 12679 12807 12851 12879 12895
12831 12835 12839 12847 12851 12855 12859 12863
12467 12487 12491 12495 12527 12627 12643 12647
12823 12827 12831 32201 32205 32209 32213 33445
12735 12739 12743 12747 12751 12759 12763 12767
12763 12871 12895 33429 33449 34885 34889 34897
12735 12763 12779 12815 12827 12895 32201 32205
10335 12483 12495 12627 12679 12843 12875 12895
12327 12407 12411 12559 35185 47285 47289 47293
12627 12663 12667 12679 12683 12687 12691 12695
12487 12571 12575 12627 12663 12679 12691 12703
12575 12627 12631 12647 12735 12739 12743 12755
10849 10853 10857 10861 10865 12299 12343 12355
12803 12807 12823 12827 12831 12835 12839 12847
12627 12643 12647 12655 12659 12663 12667 12679
18427 18431 18439 18443 18447 18451 18459 18539
12851 12855 12859 12863 12867 12871 12875 12879
32209 32213 32217 32221 33429 33433 33437 33441
34929 35149 35153 35157 35161 35165 35169 35177
18423 18439 18527 18547 18595 18691 18703 18707
18615 18619 18743 18747 18751 18755 18759 18763
12895 12899 12903 18419 18423 18427 18431 18439
10861 10865 10869 10877 10881 12323 12327 12331
33425 33429 34885 34897 48707 54645 54657 54665
10295 10299 10307 10327 10331 10335 12479 12523
10335 12479 12663 12683 33433 33453 33461 34889
12655 12659 12663 12671 12719 12723 12727 12731
18743 18747 18751 18755 18759 18763 18767 35149
12479 12739 12743 12763 12815 12827 12895 33433
12395 12419 12531 12727 12731 12751 12771 18423
12715 12719 12723 12727 12731 12759 12795 12815
18631 35177 47945 47949 47953 47957 47961 47973
12523 12527 12531 12655 12687 12691 12699 12803
12895 12899 12903 18419 18423 18427 18431 18439
12567 12615 12663 12679 12703 12835 12875 12895
12527 12575 12655 12667 12695 12819 12823 12855
12419 12423 12427 12431 12435 12439 12443 12471
12479 12483 12571 12575 12643 12647 12691 12739
12371 12395 12399 12403 12419 12423 12427 12435
10339 12483 12575 12603 12621 12747 12755 12875
12615 12621 12627 12631 12643 12647 12651 12659
10869 12483 12551 12555 12695 32201 32221 33437
12903 30263 30267 30283 30315 30327 33425 33429
10311 10327 12467 12523 12531 12655 12663 12679
18587 18595 18599 18603 18611 18615 18619 18627
10849 10853 10857 10861 10865 10869 10873 10877
12415 12419 12423 12427 12431 12435 12439 12443
33453 33457 33465 33469 34885 34889 34893 34897
12411 12419 12427 12431 12435 12439 12443 12447
12431 12663 12667 33429 33433 33449 33469 35149
12751 12755 12759 12771 12795 12819 12831 12875
18571 18583 18587 18595 18599 18603 18671 18675
12403 12407 12411 12419 12431 12435 12443 12447
12759 12763 12767 12771 12775 12779 18879 32201
12795 12803 12815 12819 12831 12859 12875 12883
12627 12631 12647 12651 12655 12663 12667 12671
12695 12703 12723 12727 12731 12751 12755 12767
47257 48651 48655 48663 48667 48671 48675 48683
12407 12411 12419 12431 12435 12443 12447 12451
12871 12875 12879 12883 12887 12891 12895 12899
12621 18499 18707 33429 33453 33457 33469 34889
35185 47293 47957 48659 48663 48667 48671 48675
12743 12759 12763 12831 12903 32205 33425 33429
12471 12475 12479 12483 12487 12491 12495 12683
10311 10315 10335 12815 12827 12895 32205 54653
12703 12795 12799 12803 12807 12823 12827 12831
12407 12411 12431 47945 47953 47957 47965 48663
12371 12483 12611 12615 12627 12663 12691 12715
12663 12667 12671 12679 12723 12739 12743 12755
10315 10327 10335 12459 12679 12683 12687 12691
10311 10315 10331 12463 12487 12491 12679 12683
32217 32221 35149 35181 35201 35213 47253 47265
10865 12299 12343 12355 12367 12371 12375 12395
12723 12727 12747 12751 12755 12767 12771 18831
18627 18631 18635 18639 18643 18647 18651 18655
12795 12819 12871 12875 12895 18439 18523 18595
12539 12795 12815 12819 12823 12831 12847 12907
10295 10299 10303 10307 10857 10865 12631 12691
10307 12483 12491 12647 12679 12683 12907 33433
12479 12495 12531 12647 12651 12679 12691 12695
12411 12447 12503 18507 35213 48655 48659 48667
12567 12607 12627 12631 12647 12655 12659 12667
10841 10877 10881 12331 12335 12339 12387 12431
12479 12483 12487 12575 12683 12695 12703 32213
12647 12651 12655 12663 12667 12687 12691 12695
18471 18479 18483 18523 18575 18807 18811 18815
12479 12579 12603 12611 12621 12711 18427 18547
10315 10319 10327 10331 10335 10339 10343 10829
10315 10339 10833 12459 12467 12611 12663 12675
12695 12739 12875 12895 32213 33449 33469 34893
12463 12479 12483 12487 12647 12651 12655 12691
12691 12695 12795 12803 12807 12819 12823 12831
12723 12727 12735 12739 12743 12751 12755 12759
12899 12903 18419 18423 18427 18431 18439 18443
12539 12621 12695 12703 12743 12755 12779 12827
18459 18551 18555 18563 18595 18599 18603 18671
12903 18467 18487 18499 18507 18523 18535 18563
34897 34901 34905 34909 34913 34917 34921 34925
12595 12607 12611 12615 12621 12627 12631 12635
10295 10299 10307 10311 10315 10335 12827 12839
32217 32221 33425 33429 33433 33437 33441 33445
12679 12683 12687 12695 12703 12779 12799 12815
12463 12479 12567 12687 12691 12795 12819 12871
12703 18663 33445 33469 46281 46285 46289 46293
10311 10315 10331 10335 10339 10861 12475 12483
12463 12483 12487 12643 12663 12691 12819 12831
18799 32205 34909 34925 35153 35169 47249 47285
10311 10315 12463 12487 12647 12655 12691 12695
34917 34921 34925 34929 35149 35153 35157 35161
10327 12535 12539 12695 12795 12815 52965 52969
12815 12895 34885 34889 34893 34897 34901 34905
18675 18707 18779 18863 18871 32197 32201 32205
12855 12859 12863 12867 12871 12875 12879 12883
12723 12895 32201 32213 32217 32221 33449 33453
34885 34889 34893 34897 34901 34905 34909 34913
10857 12483 12611 12621 12755 12779 18423 18475
18439 18443 18447 18451 18459 18539 18543 18547
10311 10841 10845 10861 12487 12551 12679 12683
10291 10295 10299 10307 10311 12679 12683 12695
12495 12523 12527 12531 12679 12683 12687 12691
10291 10295 10299 10307 10315 10327 10331 10335
12435 12443 34929 47253 47261 47265 47269 47273
12759 12779 12795 12799 12803 12815 12819 12823
33425 33429 33433 33437 33441 33449 33457 33461
12627 12691 12827 12855 12871 33425 33429 46293
12651 12655 12663 12667 12671 12679 12683 12687
12815 12895 12903 32197 32205 33429 33449 34885
56045 56061 56065 56069 56073 56085 56093 56423
10315 12815 12895 18439 18599 18811 18847 48675
12827 12855 12895 32209 33425 33429 33449 33453
48639 48643 48647 48651 48655 48659 48679 48683
12487 12563 12571 12579 12583 12591 12595 12875
10335 12467 12483 12487 12679 12695 12703 12735
12375 12395 12399 12403 12407 12411 12419 12431
12343 12355 12367 12371 12375 12395 12399 12403
18443 18447 18451 18459 18539 18543 18547 18551
10331 10335 12611 12621 12627 12647 12655 12715
18551 18555 18559 18563 18567 18571 18583 18587
10877 12347 12351 12355 12371 34913 34921 34925
12803 12815 12823 12831 12855 12895 34889 34901
33469 35153 35157 35165 35169 35173 35177 35181
10877 12339 12347 12363 12387 12407 12411 12427
12755 12763 12767 12771 12787 12815 12827 12875
12375 12395 12399 12403 12415 12419 12423 12427
12479 12483 12487 12491 12495 12607 12611 12615
10299 10307 10311 12483 12621 12627 12695 12715
10829 10833 10837 10841 10845 10849 10853 10857
33453 33457 33465 33469 34885 34889 34893 34897
18427 18443 18447 18543 18551 18595 18619 18643
10311 10315 12491 12695 12831 32201 32209 32213
10295 10307 10311 12479 12483 12487 32201 32205
10299 10327 12539 12663 12675 33433 52957 52969
10295 10311 10315 10343 10829 10861 12423 12483
10315 10331 10335 12483 12655 12691 12695 12803
10331 10335 12551 12567 12571 12575 12603 12611
12575 12579 12583 12587 12591 12595 12627 12631
33441 33445 33449 33453 33457 33465 33469 34885
47281 47293 48635 48639 48647 48683 48691 48695
12443 12447 12451 12459 12463 12467 12471 12475
12531 12679 12683 12687 12691 12695 12703 12795
12451 12483 12515 12547 12555 12559 12563 12567
12475 12483 12487 12491 12495 12523 12527 12531
10295 10311 10315 10331 10335 18699 18787 47277
10295 10299 10307 10311 10315 12459 12467 12663
34905 34909 34913 34917 34921 34925 34929 35149
10877 12339 12579 12583 34921 35153 35165 35185
12527 12531 12643 12647 12651 12663 12667 12679
12479 12487 12495 12755 12767 12875 33449 33469
10311 10315 10881 12547 12551 12803 32205 34921
12647 12651 12663 12667 12683 12795 12799 12807
12643 12647 12679 12683 12687 12695 12795 12815
12403 12407 12411 12419 12431 12435 12443 12447
33445 33449 33453 33457 33469 34889 34893 34897
10295 10303 10307 10315 10335 12487 12495 12655
12491 12495 12523 12527 12531 12679 12683 12687
10303 10307 10857 10861 10865 12611 12615 12735
12447 12451 12459 12463 12467 12471 12475 12483
12695 12799 12815 12827 12895 32201 32205 32209
10849 10853 10857 10861 10865 12299 12343 12355
12647 12651 12655 12691 12695 12703 12795 12827
12531 12651 12663 12695 12831 12895 33433 33449
10295 10299 10307 10311 12479 12483 12487 12627
10303 10307 10311 10315 10319 10829 10845 12343
12655 12679 12683 12691 12695 12703 12711 12715
10291 10295 10299 10307 10315 10327 10331 12483
18703 18707 18711 18715 18719 18723 18727 18731
12595 18547 18787 35149 35153 35157 35165 35169
10311 10315 10319 10327 10331 10335 10339 10861
18679 18683 18743 18747 18751 18755 18759 18763
12691 12695 12771 12807 12819 12823 12831 12867
35173 35177 35181 35185 46281 46285 46289 46293
33469 34885 34889 34893 34897 34901 34905 34909
12815 12819 12823 12827 12831 12847 12851 12855
12327 12335 12339 12355 12475 12603 12607 12659
12611 12615 12691 12719 12823 18779 32217 48711
12475 12483 12487 12491 12495 12523 12527 12531
10299 10307 10311 10315 12479 12483 12487 12621
33449 33453 33457 33465 33469 35149 35153 35157
12847 12851 12855 12859 12863 12867 12871 12875
33437 33441 33445 33449 33453 33457 33465 33469
12703 12759 32197 32205 33429 33449 34885 34893
12579 12679 12683 12703 12831 12875 33433 33437
18571 18583 18587 18595 18599 18603 18611 18615
12759 12763 12767 12771 12775 32213 34913 34929
18643 18647 18651 18655 18659 18663 18671 18675
12755 12795 12819 12827 12831 12875 12895 18595
12831 12847 12875 12895 18599 18603 18671 18675
10311 10315 12479 12483 12487 12495 12827 12875
12683 12691 12695 12799 12823 12831 12855 12879
12475 12491 12495 12523 12527 12531 12679 12683
18559 18563 18567 18571 18583 18587 18595 18599
12795 12799 12807 12843 12879 12895 33425 33429
10295 10299 10307 10311 10315 12459 12467 12523
12723 12727 18467 18471 18475 18479 18483 18487
12587 12591 12595 12603 12607 12611 12615 12621
18427 18431 18499 18507 18519 18523 18535 18579
33429 33433 33437 33441 33449 33453 33457 33461
10303 10311 10315 10339 12487 18427 18459 18575
12491 12495 12523 12527 12531 12621 12627 12655
12495 12523 12651 12667 12671 32221 34885 34889
12611 12691 12695 12703 12827 12879 12903 33425
12831 33433 33449 33469 34885 34889 34897 34901
12663 12667 12671 12679 12683 12687 12691 12695
10291 12483 12679 12703 12815 12827 12831 12835
18651 18655 18659 18663 18671 18675 18679 18683
10295 12463 12487 12651 12691 12695 12703 12871
12475 12479 12483 12487 12491 12495 12523 12527
12803 12807 12827 12839 12843 12859 12867 12871
12871 12875 12879 12883 12887 12891 12895 12899
12495 12531 12683 12687 12691 12695 12895 33449
18555 18559 18563 18567 18571 18583 18587 18595
12483 12687 12759 12771 12819 12827 12895 34901
12795 12799 12803 12807 12823 12827 12831 12835
12491 12495 12531 12611 12621 12631 12683 12687
10295 10303 10307 10311 10315 12479 12491 12647
10311 12535 12575 12703 12895 32213 33461 52973
18743 18747 18751 18755 18759 18763 18767 48635
18599 18603 18611 18615 18619 18627 18631 18635
35177 35181 35185 35189 35193 35197 35201 35205
12551 12559 12567 12571 12575 12627 12655 12691
12759 12763 12767 12771 12775 12779 12783 12787
12823 12827 12831 12835 12839 12847 12851 12855
18567 18571 18583 18587 18595 18599 18603 18611
12679 12683 12687 12691 12695 12703 12795 12799
10861 10865 12627 12631 12655 12667 12671 12735
12807 12811 12815 12819 12823 12843 12851 12855
10307 10327 10857 12527 12531 12739 12763 12779
12483 12495 12627 12679 12815 12827 12895 33449
12535 12663 12667 12671 12679 12683 12735 12743
12635 12751 12775 12783 18511 18515 18519 18795
18675 18679 18683 18743 18747 18751 18755 18759
10315 12687 12691 12703 12727 12731 12767 12795
12747 12755 12759 12771 33433 33449 33469 34889
10865 12487 12559 12571 12621 12735 12751 12795
32201 32205 32209 32213 33437 33449 52961 52973
12523 12527 12531 12663 12667 12671 12687 12835
18627 18631 18635 18639 18643 18647 18651 18655
33453 33457 33465 33469 34885 34889 34897 34901
18611 18615 18619 18627 18631 18635 18639 18643
10307 10311 10331 12715 12723 12763 12779 12831
12739 12759 12775 12795 12799 12823 12831 12879
12323 12327 12331 12335 12339 12343 12347 12351
10343 10829 12463 12547 12551 12603 12607 12659
12847 12851 12855 12859 12863 12867 12871 12875
18511 18643 18675 18831 18871 34925 34929 35165
18815 34909 47289 47953 47957 47961 48675 48687
12531 12551 12559 12563 12567 12571 12575 12583
12815 12827 12895 12907 18459 32197 32201 32205
18551 18555 18559 18563 18567 18571 18583 18587
12395 12403 12411 12423 12435 12439 12451 12563
18703 18707 18711 18715 18719 18723 18727 18731
10295 10311 12479 12483 12611 12755 48707 52425
10315 10849 12331 12351 12463 12479 12511 12555
12651 12667 12683 12691 12823 12843 33429 34905
12479 12483 12487 12559 12595 12659 12875 18627
12523 12527 12531 12683 12687 12695 12703 12895
10307 10311 10315 12487 12703 18563 32213 33469
10841 10881 12551 12747 12775 18787 18879 34917
12483 12487 12607 12621 12695 33433 33437 33441
10295 10299 10307 10311 12463 12487 12643 12647
12667 12695 12703 12747 12751 12755 12759 12767
10311 10315 10861 10877 12299 12403 12683 12687
10295 10311 12399 12547 12555 12559 12611 12621
34929 35185 35193 35205 47249 47257 47281 47285
12411 12415 12419 12423 12427 12431 12435 12439
12687 12691 12695 12795 12799 12803 12807 12811
12427 12435 12459 12467 12479 12483 12487 12495
10295 10299 10307 10315 12527 12535 12539 12755
12687 12695 12795 12807 12819 12831 33433 33449
12755 12759 12767 12779 12875 12895 32213 33433
12827 12831 12835 12839 12843 12847 12851 12855
12659 12663 12667 12675 12679 12711 12715 12719
10291 10295 10307 10311 10315 10335 12535 12539
18603 18611 18615 18619 18627 18631 18635 18639
10307 10311 12483 12739 12759 12767 12771 12875
12339 12343 18683 34909 34913 34917 34929 47253
33441 33445 33449 33453 33457 33465 33469 34885
12491 12495 12523 12527 12531 12679 12683 12687
47949 47953 47957 47973 48635 48639 48643 48647
18443 18447 18451 18507 18535 18539 18543 18547
18419 18423 18427 18431 18439 18443 18447 18451
35177 35181 35185 35189 35193 35197 35201 35205
10849 12621 12655 12715 12759 12847 18459 32201
12351 12355 12367 12371 12375 12395 12399 12403
10857 12479 12627 12643 12663 12667 12691 12763
12531 12627 12647 12683 12687 12691 12695 12807
12403 12551 35185 48655 48659 48663 48667 48671
12799 12803 12807 12823 12827 12831 12835 12839
12463 12467 12471 12475 12479 12483 12487 12491
12819 12823 12827 12831 12867 12895 33433 33453
10865 12463 12627 12647 12651 12691 12743 12779
12575 12579 12583 12603 12607 12611 12621 12627
18699 18707 18719 18795 18799 30323 51933 54661
12759 12771 12827 12855 12895 12903 33433 33449
12343 12355 12487 12551 12575 12735 12759 12875
12621 12631 12695 12703 12743 12747 12755 12763
10295 10331 12655 12735 12763 12795 33449 33469
12611 12615 12621 12635 12655 12679 12735 12759
12903 18467 18487 18499 18507 18523 18535 18563
12835 12839 12843 12863 12867 12891 12895 32197
33429 33433 33437 33441 33445 33449 33453 33457
12767 12815 12827 12875 12895 18659 18831 33449
12627 12655 12695 12703 12755 12767 12895 32209
12899 35149 35153 35157 35161 35165 35169 35177
10295 10299 10307 10311 10327 12695 12703 12815
12475 12483 12487 12491 12495 12523 12527 12531
12531 12679 12683 12687 12691 12695 12703 12795
18559 18563 18575 18579 18595 18611 18635 18643
12883 12887 12891 12895 12899 12903 18419 18423
12471 12475 12479 12483 12487 12491 12495 12787
12683 12687 12691 12695 12739 12743 12763 12771
18455 18547 18611 18619 18675 18707 18795 18855
35177 35181 35185 35189 35193 35197 35201 35205
33457 33465 34885 34889 34893 34897 34901 34905
12571 12575 12579 12583 12587 12679 12687 48635
33449 33453 33457 33465 34885 34889 34893 34897
10311 10315 12571 12575 12611 12621 12683 12743
12715 12719 12723 12727 12731 12739 12747 12751
12695 32197 32201 32205 33449 33469 34885 34889
12679 12691 12695 12795 12799 12855 12863 12871
33449 33453 33457 33465 33469 34885 34889 34893
12607 12611 12615 12621 12627 12631 12635 12895
10311 12483 12487 12571 12575 12703 12875 32213
12703 12795 12799 12803 12807 12823 12827 12831
12687 12691 12695 12703 12827 12895 18723 33425
12443 12447 12451 12459 12463 12467 12471 12475
18675 18679 18683 18743 18747 18751 18755 18759
18583 18587 18743 18747 18751 18755 18759 18763
12691 12703 12827 12831 12895 33425 54645 54673
12663 12667 12671 12687 12827 12831 12835 12843
33433 33437 33441 33449 33453 33457 33465 33469
12571 12679 12683 12703 12823 12875 32213 46281
12815 12847 12895 33449 33469 34885 34889 34893
12495 12615 12679 12683 12691 12695 12703 33449
10881 12463 12467 12471 12483 12487 12491 12495
18759 18763 18767 33425 33429 33433 33437 33441
18543 18547 18551 18555 18559 18563 18567 18571
10315 12479 12483 12487 12663 12679 12691 12703
10315 12647 12651 12679 12703 12827 12831 12895
10291 12627 12647 12687 12695 12735 12763 12831
10291 10295 10299 10303 10307 10861 12547 12679
12575 12659 12663 12687 12695 12875 34893 48707
12847 12851 12855 12859 12863 12867 12871 12875
12695 12703 12875 32201 32205 32213 34885 34893
12759 32197 32205 33429 33449 34885 34893 34897
10877 12347 12351 12355 12371 34913 34921 34925
18703 18707 18715 18719 18723 18727 18731 18735
18475 18479 18483 18487 18491 18499 18611 18615
12627 12679 12843 12875 12895 33425 34885 34897
18443 18447 18451 18459 18539 18543 18547 18551
18671 18675 18679 18683 18743 18747 18751 18755
10315 12527 12535 12539 12755 12795 12819 12827
10295 10307 12483 12487 12491 12527 12531 12607
10311 10335 12463 12479 12483 12487 12611 12621
12795 12799 12803 12807 12823 12827 12831 12835
12467 12491 12523 12527 12531 12663 12667 12671
12695 12703 12795 12799 12803 12807 12815 12819
12679 12691 12815 12827 12895 33429 33449 34885
48707 48711 52973 52985 54645 54653 54661 54665
10861 12459 12463 12467 12479 12491 12495 12523
10303 10307 10311 10315 12463 12479 12483 12487
10829 10861 12423 12483 12487 12595 12603 12607
12835 12839 12847 12851 12855 12859 12863 12867
33425 33429 33433 33449 33453 33465 33469 34901
12815 12819 12823 12827 12831 12835 12867 12903
10295 10299 10303 10307 10311 10327 10335 10857
12447 12451 12459 12463 12467 12471 12475 12483
12875 12879 12883 12887 12891 12895 12899 12903
10857 12479 12627 12643 12663 12667 12691 12763
12495 12655 12667 12687 12691 12695 12703 54645
12815 12823 12827 12831 12835 12839 12855 12867
33437 33441 33445 33449 33457 33465 34905 46281
12527 12643 12695 12703 12815 12819 12823 12875
12795 12799 12803 12807 12823 12827 12831 12835
12695 12703 12807 12819 12831 12875 32213 33449
12755 12759 12763 12767 12795 12815 12827 12895
10311 10315 12487 12571 12603 12607 12611 12615
12679 12683 12831 18459 18839 18879 48675 48687
12843 12859 12867 12871 12875 12879 12891 12895
10331 12715 12723 12763 12779 12831 32201 32205
12711 33429 33449 33469 34885 34889 34893 34905
12571 12575 12627 12631 12651 12695 12711 12715
10319 10327 10331 10335 10339 10343 10829 10833
12355 12371 12395 12411 12415 12431 12515 12555
12847 12851 12855 12859 12863 12867 12871 12875
18563 18567 18571 18575 18579 18583 18587 18743
10865 12483 12535 12603 12607 12611 12635 12647
12835 12839 12843 12847 12895 34889 34897 34901
12483 12487 12491 12495 12523 12527 12531 12679
10315 10331 10335 10339 10829 10833 10845 10853
32197 32201 32205 33449 33469 34885 34889 34905
12643 12647 12663 12683 12795 12811 12815 12831
10303 10307 10311 10315 10319 10327 10331 10335
32205 32209 32217 32221 33425 33429 33441 33449
10861 12527 12535 12643 12647 12679 12683 12687
12855 12895 12903 32205 32209 32213 33429 33433
12875 30255 30311 30315 30323 32197 32201 32205
12475 12479 12483 12487 12527 12647 12655 12659
12715 12723 12727 12731 12835 18799 33433 33449
12615 12621 12695 12739 12743 12755 12759 12767
12895 32197 32201 32205 32209 32217 32221 33425
12423 12459 12527 12603 12607 12611 12671 12687
10295 10315 10327 12479 12483 12631 12679 12691
18651 33457 47945 47949 47953 47957 47965 48639
12663 12667 12691 12835 12839 12843 33425 33429
12431 12555 12715 12747 12751 12755 12775 12795
12531 12663 12667 12671 12783 12839 18619 20807
12847 12859 12871 12875 12879 12883 12895 12903
12799 12815 12827 12895 32201 32205 32209 48691
10837 10841 10845 10853 10857 10861 10865 10869
12347 12355 12371 12395 12431 12503 12507 12511
12647 12655 12667 32197 32201 32205 32209 32213
10307 10311 10315 12491 12695 12831 32201 32209
12571 12575 12603 12611 12621 12631 12695 12703
10865 10869 12323 12471 12475 12487 12571 12575
12551 47249 47253 47257 47269 47273 47293 48639
12335 12343 12439 12451 12507 12515 12519 18411
12487 12571 12575 12695 12703 12815 12895 32213
12795 12819 12827 12831 12867 12895 18695 18727
12331 12351 12403 12411 12515 12519 12547 12551
10315 12479 12483 12487 12495 12679 12683 12695
12471 12551 12559 12659 12771 12827 12883 12895
10311 12603 12715 12783 18447 18619 18639 18643
12815 12827 12895 12907 18459 32197 32201 32205
12739 12743 12759 12763 12779 12787 33429 33449
12491 12571 12667 12687 12703 12831 32213 33437
10315 12491 12523 12695 30263 30271 33449 52973
10299 10307 10311 12459 12491 12531 12663 12667
34913 34917 34921 34925 34929 35173 47257 48639
18587 18619 18675 18707 18779 18863 18871 32197
12555 12571 12575 12579 12583 12587 12679 12687
12331 12335 12343 12347 12351 12355 12367 12371
12483 12487 12687 12703 12875 30307 34893 35185
12515 12519 12611 12615 12735 12739 12743 12755
33465 33469 34885 34889 34893 34897 34901 34905
34901 34905 34909 34913 34917 34921 34925 34929
12487 12523 12535 12539 12683 12695 12703 12795
12339 12407 35185 35213 48663 48667 48671 48675
32201 32205 32209 32213 32217 32221 35149 35181
18543 18547 18551 18555 18559 18563 18567 18571
12799 12803 12807 12815 12819 12843 12871 12879
18627 18631 18635 18639 18643 18647 18651 18655
18471 18475 18479 18483 18487 18491 18495 18499
18511 18595 18695 18699 18707 18719 18795 18799
33441 33445 33449 33453 33457 33465 33469 46281
10307 10311 10315 12479 12483 12487 12491 12571
12819 12831 12835 12839 12855 12859 12863 12875
12695 32197 32201 32205 33449 33469 34885 34889
12487 12491 12495 12523 12527 12531 12679 12683
10295 10299 10307 10311 10315 10331 10335 12463
12659 12663 12679 12683 12703 12711 12715 12719
12735 12759 12763 12831 32201 34901 34905 48711
12487 12575 12621 12695 12703 32213 33449 34893
18683 18743 18747 18751 18755 18759 18763 18767
10315 12399 12411 33433 33437 33449 33457 52941
32201 32213 32217 32221 33449 33453 34905 52973
12651 12659 12663 12667 12671 12683 12711 12715
12595 12603 12607 12611 12615 12621 12627 12631
18819 18827 18831 18839 18847 18855 18863 18871
12463 12655 12795 12799 12803 12819 12831 12867
12727 12731 12735 12739 12743 12747 12751 12755
12523 12527 12531 12679 12683 12687 12691 12703
35149 35153 35157 35161 35165 35169 35177 35181
18611 18615 18619 18627 18631 18635 18639 18643
12559 35185 47285 47289 47293 47957 48639 48659
12659 12663 12667 12679 12683 12687 12691 12695
18755 18759 18763 18767 33425 33429 33433 33437
12603 12607 12751 12783 12863 12867 34921 34925
12695 12703 12747 12795 18527 18703 18795 18799
12683 12687 12691 12695 12715 12719 12723 12727
12847 12851 12863 12867 12871 12875 12879 12891
18443 18447 18451 18459 18467 18471 18475 18479
33437 33441 33445 33449 33453 33457 33465 34885
12467 12471 12475 12483 12487 12491 12495 12523
18559 18563 18567 18571 18575 18579 18583 18587
12483 12811 12875 18423 33441 34893 48707 48711
12711 12715 12719 12723 12727 12731 12735 12739
12355 12711 12719 34909 34913 34917 34925 34929
12687 12691 12795 12803 12815 12819 12831 33425
12411 12415 12431 12439 12443 12447 12451 12479
12683 12695 12703 12735 12755 12759 12763 12771
33453 33457 33465 34885 34889 34893 34897 34901
10335 12611 12621 12627 12647 12655 12715 12723
12663 12667 12679 12683 12703 12723 12815 12827
10861 10865 12299 12343 12355 12367 12371 12375
18615 18619 18635 18675 18691 18707 18723 18787
18459 18539 18543 18547 18551 18555 18559 18563
12451 12459 12463 12467 12471 12475 12483 12487
12483 12487 12575 12683 12695 12703 32213 34893
12667 12671 12679 12699 12703 12711 12715 12719
18543 18547 18551 18555 18559 18563 18567 18571
12463 12479 12483 12487 12523 12535 12539 12683
10295 10303 10307 10315 12463 12479 12483 12491
10339 12483 12559 18715 34917 47949 47953 47973
33425 33429 33433 33437 33441 33445 33449 33453
10291 10295 10315 10339 12679 12683 33437 33449
12367 12395 12399 12403 12407 12411 12431 12435
12723 12819 12827 12907 32201 32205 32209 32213
12571 12575 12587 12595 12603 12607 12611 12615
10303 10311 10319 10323 10339 10343 10829 10833
12627 12631 12647 12655 12659 12667 12715 12723
10881 12343 12551 12567 12779 34917 35177 35181
12771 12775 12779 12855 30319 33425 33429 34885
12759 12763 12795 12815 12819 12827 12831 12875
12471 12555 12659 34913 47273 47957 48635 48643
12679 12683 12687 12691 12695 12703 12795 12799
10311 10315 12695 12703 12747 12815 12827 12895
34905 34909 34913 34917 34921 34925 34929 35149
12551 12571 12575 12603 12621 12647 12655 12659
12495 12603 12747 18511 18543 18567 34921 34925
18475 18691 18719 18727 18799 18807 18811 18819
12723 12751 12755 12759 12771 12795 12819 12831
10343 10829 10833 10837 10849 10853 10857 10861
12863 12867 12871 12875 12879 12883 12887 12891
12703 12795 12799 12803 12807 12823 12827 12831
10315 12479 12487 12647 12655 12667 12711 12715
12621 12631 12683 12691 12695 33449 33453 33469
12627 12635 12703 12759 18459 32213 34885 34893
12703 12895 32213 33449 33461 52973 54653 54661
33465 33469 34885 34889 34893 34897 34901 34905
10315 12479 12483 12667 32201 32213 34893 34897
10291 10299 10307 10327 12523 12527 12683 12691
12483 12507 12555 12563 12587 12621 12695 12795
12703 12831 12835 12851 12855 12871 12875 32205
18599 18603 18611 18615 18619 18627 18631 18635
12395 12419 12531 12727 12731 12751 12771 18423
10857 12615 12621 12739 12743 12779 12783 12831
10299 10303 10307 10311 10327 12479 12759 32205
12347 12351 12355 12431 12471 12475 12487 12547
12683 12695 12703 12747 12751 12755 12775 12907
12767 12771 12775 12779 12787 12815 12827 12851
12807 12819 12823 12831 12847 12851 12855 12867
35157 35161 35165 35169 35177 35181 35185 35189
10311 10315 10829 10877 12351 12355 12403 12411
32217 32221 33429 33433 33437 33441 33445 33453
33429 33433 33437 33441 33445 33449 33453 33457
18475 18479 18483 18487 18491 18495 18499 18507
10877 12331 12547 12559 12595 35165 35169 35185
12751 12763 12795 12815 12835 12843 12855 12895
10335 12467 12523 12655 12679 12683 12823 12831
12443 12447 12451 12459 12463 12467 12471 12475
12683 12691 12695 32205 32209 32213 33437 34889
12479 12483 12487 12495 12523 12527 12531 12539
48643 48647 48651 48675 48679 48683 48687 48691
18659 18663 18671 18675 18679 18683 18743 18747
10303 10307 10327 12523 12527 12643 12667 12671
12843 12847 12851 12855 12859 12863 12867 12871
12739 12743 12747 12751 12755 12759 12763 12767
10315 10327 12487 12531 12663 12779 12823 12871
12467 12471 12475 12479 12483 12487 12491 12495
33429 33433 33437 33441 33445 33449 33453 33457
12475 12483 12487 12523 12627 12663 12683 12687
18699 18703 18707 18711 18715 18719 18723 18727
12859 12863 12867 12871 12875 12879 12887 12891
12747 12751 12755 12759 12763 12767 12771 12775
12663 12679 12683 12703 12827 12895 33449 33469
12611 12621 12683 12743 12747 12755 12879 32213
18467 18475 18479 18483 18491 18499 18527 18679
18719 18723 18727 18731 18735 18743 18747 18751
10881 12547 12551 12555 12559 12563 12567 12571
12771 12775 12779 12855 30319 33425 33429 34885
10295 10315 12463 12479 12491 12527 12531 12627
12451 12691 12723 12751 12775 12795 18491 18547
12779 12815 12827 12895 32197 32201 32205 32209
10299 10307 10311 10315 10331 10335 12795 12815
12795 12819 12831 33433 34889 52941 52969 52977
12495 12523 12527 12531 12547 12551 12555 12559
12355 47253 47277 47281 48635 48679 48691 48699
27389 32201 32205 32209 32213 33429 33433 33437
12711 12823 12827 12907 32205 33449 33469 34885
12491 12611 12663 12667 12759 12779 12787 32221
12847 12875 12895 18427 18447 18547 18599 18603
12483 12487 12523 12527 12535 12539 12621 12695
12679 12687 12719 12735 12743 12759 12779 46289
12487 12495 12551 12563 12711 12715 12723 12731
35153 35157 35161 35165 35169 35177 35181 35185
12347 12355 12479 12483 12531 12551 12555 12567
12555 12559 35213 47253 47273 47289 48655 48687
12355 12491 12579 12583 12643 12647 12799 34905
10335 12487 12495 12655 12663 12679 12683 12703
34893 34897 34913 34925 35149 35161 35189 35193
12451 18479 47293 47949 47953 47957 47961 47965
12803 12815 12827 12855 12895 32209 33425 33429
12823 12907 33469 34913 34917 34921 34925 34929
12487 12491 12495 12531 12611 12621 12631 12683
18735 18743 18747 18751 18755 18759 18763 18767
18839 30299 30303 30311 32209 32213 34885 34893
18483 18487 18491 18495 18499 18507 18511 18515
12871 12879 12895 18527 18703 18727 20807 32197
12479 12491 12495 12519 12667 12671 12779 12783
18567 18619 18639 18703 18707 18715 18727 18731
12839 12843 12851 12859 12875 12895 32197 32201
12531 12631 12655 12683 12755 12767 12803 12823
12663 12667 12671 12675 12687 12711 12715 12719
10339 10857 10861 12483 12635 12739 12763 32197
35157 35169 35177 35181 35189 35193 35197 35201
12483 12687 12759 12771 12819 12827 12895 34901
12535 12683 12687 12691 12695 12803 12831 12895
12611 12621 12723 12731 30251 30255 32201 32209
12663 12667 12679 12683 12687 12691 12695 12699
10295 10299 10303 10307 10315 10327 10331 10335
18651 18655 18659 18663 18671 18675 18679 18683
12627 12679 12683 12687 12691 12695 12827 12831
12591 12595 34909 34913 34917 34921 34925 34929
10881 12355 12551 12783 12815 12827 12883 12895
12835 12839 12843 12847 12851 12855 12883 12887
12459 12471 12479 12487 12571 12647 12659 12671
12715 12723 12727 18467 18471 18475 18479 18483
18619 18707 18767 18795 18799 18855 33425 33429
12531 12551 12555 12579 12583 12621 12679 12819
18543 18551 18575 18579 18599 18643 18663 18863
33429 33433 33441 33445 33449 34913 34917 34929
12527 12531 12551 12555 12579 12583 12621 12679
18683 18743 18747 18751 18755 18759 18763 18767
12683 12691 12831 12855 33425 33429 33449 46281
30315 33449 34889 51937 52953 52973 54653 54657
12551 12555 12559 12563 12567 12571 12575 12579
12527 12531 12679 12683 12687 12691 12695 12703
12695 12703 33433 33449 33453 33457 33465 33469
12895 12899 12903 33425 33429 33433 33437 33441
12371 12395 12555 12559 12631 12859 18459 18731
12611 12621 12711 18427 18547 32205 32209 33433
12471 12491 12531 12535 12567 12663 12667 12823
12823 12831 12855 12879 12895 33425 33433 33437
12387 12747 12775 18431 18443 18539 18683 18827
12819 12823 32205 33437 33441 33449 33453 46285
18691 18703 32197 32201 32205 32209 32213 48707
10861 10865 12459 12463 12467 12471 12475 12479
12735 12739 12743 12747 12755 12759 12763 12771
12487 12491 12495 12523 12531 12535 12539 12795
18619 18627 18631 18635 18639 18643 18647 18651
12487 12899 32201 32205 32209 32213 32221 33433
10335 12735 12739 12743 12779 12795 12831 32209
12463 12603 12607 12627 12751 12775 12783 18787
10331 10335 12483 12679 12683 12763 32205 33433
34925 34929 35173 47257 48639 48643 48647 48659
12691 12703 12827 12831 12895 33425 54645 54673
12871 12879 33425 33429 33441 33449 33457 34885
12375 12395 12399 12403 12407 12411 12419 12431
10877 12621 12663 12679 12715 12723 12747 12759
12479 12483 12487 12647 12651 12655 12691 12795
12523 12539 12615 12679 12683 12687 12843 12875
12831 12835 12847 12875 12895 33433 33441 33449
27385 27389 32201 32205 32209 32213 32217 32221
10311 10315 12627 12631 12663 12755 12767 12771
10833 10841 10857 10865 10877 12479 12487 12747
12563 12591 12595 12607 12611 12615 12621 12627
12703 12735 12751 12763 12795 12815 12835 12843
12523 12527 12531 12621 12627 12655 12695 12703
12683 12695 12703 12723 12795 12815 12819 12831
35193 35197 35201 35205 35209 46281 46285 46289
10845 10857 10861 10865 10877 10881 12347 12351
12463 12487 12491 12495 12539 12627 12667 12683
12779 12871 12903 33425 33429 34885 34897 34905
10335 12479 12487 12495 12755 12767 12875 33449
10865 12299 12343 12355 12367 12371 12375 12395
12407 12621 12711 12727 18871 18883 47285 47949
