306 81 510 493 494 511 565 527
191 269 258 1612 293 1594 9 241
82 97 181 118 36 18 67 279
48 46 1 47 45 15 32 155
295 101 275 136 376 337 289 104
541 228 489 51 3 223 72 28
234 232 228 233 23 4 262 248
365 289 384 341 334 308 1810 1131
510 243 506 565 511 512 526 338
541 171 12 170 208 7 234 228
81 306 243 490 565 494 326 506
31 44 96 10 50 14 18 97
1 48 49 45 47 15 32 33
663 873 270 215 217 287 308 987
57 14 13 96 82 37 131 24
2503 253 151 119 153 193 161 225
30 67 82 59 36 18 31 70
63 51 30 182 187 72 420 30
96 90 8 147 67 2 44 36
47 33 155 8 90 2 13 96
10 155 131 18 96 30 82 70
97 14 181 129 202 279 142 264
1 18 98 102 17 46 10 48
1 8 37 46 59 32 67 49
397 27 140 161 185 390 305 433
326 3 28 80 109 385 63 182
8 10 14 82 24 36 37 96
10 50 24 59 67 68 14 96
96 44 50 31 30 131 24 70
197 104 221 100 138 102 86 274
33 1 45 49 15 47 48 32
202 180 116 165 292 277 322 296
1 32 15 147 155 135 2 90
314 150 241 5 293 505 507 132
68 70 48 47 24 32 67 147
97 117 90 31 181 8 10 24
45 32 15 47 33 155 135 2
119 121 2503 253 151 193 161 225
909 973 917 109 80 63 17 28
32 47 155 147 2 135 18 131
37 70 59 24 82 57 36 14
501 484 1451 1452 1453 1454 1456 1460
8 31 37 98 21 18 18 98
45 32 15 47 135 8 50 147
36 82 37 30 117 31 70 197
57 2 8 44 82 30 96 31
147 96 50 90 30 21 13 44
3 72 182 339 369 109 80 28
135 147 2 90 131 44 18 50
275 129 279 328 129 101 323 295
1358 302 369 261 914 959 73 148
199 3 325 370 28 80 182 255
526 772 176 541 145 171 130 1047
31 14 24 82 59 67 70 181
20 618 470 471 113 131 412 90
17 1 45 32 47 135 82 49
32 135 1 18 8 57 14 24
118 140 36 98 70 254 14 98
21 506 181 14 118 24 117 82
155 17 147 135 2 131 17 17
27 120 72 99 73 119 133 148
336 380 355 645 374 321 352 373
254 124 185 124 222 156 156 161
442 391 453 431 432 421 163 623
44 8 18 30 82 26 59 118
116 277 180 137 165 236 292 296
457 1985 1996 366 319 70 97 181
304 40 128 55 54 756 95 25
181 82 90 117 67 57 44 10
96 117 97 135 98 118 70 181
163 77 173 304 11 407 40 281
47 33 155 2 147 135 13 131
30 31 68 97 36 67 98 181
33 33 33 315 519 400 113 470
155 135 2 131 13 18 50 31
14 57 59 68 24 82 37 18
295 101 323 275 164 376 136 111
26 181 794 26 14 306 243 490
464 2254 471 131 22 324 532 181
68 96 10 57 181 21 98 14
46 49 45 32 15 47 135 8
348 305 414 390 402 124 433 443
33 1 47 15 135 155 147 131
30 97 117 24 96 13 36 67
166 167 51 168 153 161 225 1010
24 8 50 21 117 31 59 118
249 156 196 313 102 156 139 297
101 202 216 264 275 323 164 136
3 63 1064 30 182 80 1157 66
222 29 204 511 72 362 510 120
96 97 18 57 68 117 82 21
282 274 197 104 138 221 297 100
14 117 21 10 97 181 118 98
122 860 360 908 384 341 103 931
98 57 181 14 24 37 67 36
171 145 130 204 170 177 178 199
117 68 70 97 98 118 104 196
98 2 44 135 10 90 50 14
100 102 297 146 184 313 154 219
459 26 26 26 26 26 26 26
120 192 121 29 168 27 185 51
36 8 50 57 10 14 21 68
1660 369 447 1682 1713 221 274 102
527 526 338 309 356 176 170 171
135 50 18 21 37 82 13 147
2 90 8 10 31 135 147 21
175 145 171 541 326 130 510 204
135 90 13 8 14 37 155 31
146 313 154 184 179 219 224 194
30 117 320 190 423 534 342 388
10 57 24 68 37 98 82 117
430 519 464 20 30 532 366 319
131 135 2 13 30 31 18 90
57 50 117 136 275 323 37 118
72 457 900 1071 1040 2503 168 166
204 248 356 338 175 306 510 26
135 18 32 30 49 48 46 45
32 15 47 155 147 2 135 13
113 412 400 30 471 399 519 181
533 616 619 617 566 307 318 436
182 1096 948 2259 29 27 99 73
895 1003 2006 2007 2248 2247 2009 2250
100 102 297 197 86 98 138 221
36 98 118 57 10 37 21 221
17 17 17 17 17 17 17 17
470 45 47 1 412 15 90 32
155 147 8 131 50 13 90 82
266 200 4 7 506 199 512 248
8 30 97 14 17 1 45 70
1508 307 436 584 533 499 1534 318
8 90 67 31 24 98 21 30
48 17 15 45 33 32 1 47
32 135 90 2 147 14 57 50
142 295 279 202 328 216 101 264
30 31 90 131 67 68 70 117
362 175 494 200 81 211 234 228
350 338 356 527 175 526 145 171
54 1083 128 1075 163 95 304 94
243 306 81 490 493 494 326 565
90 14 33 24 135 155 131 117
47 155 147 2 135 131 96 90
31 67 36 70 181 117 97 98
304 391 51 168 303 121 253 166
57 30 14 67 96 68 97 50
315 470 412 324 430 618 131 13
533 584 1237 637 1279 1243 1296 1297
411 674 577 498 679 472 154 194
37 36 82 18 30 31 68 70
183 291 30 21 181 90 68 57
118 97 98 59 70 14 10 82
135 2 17 18 90 147 57 131
36 124 10 82 57 124 21 37
161 253 140 1353 133 148 124 1210
407 40 54 281 11 203 245 304
164 129 142 202 264 295 275 216
68 21 24 82 118 97 37 36
1887 1873 1889 1888 105 87 93 88
67 97 36 98 98 118 117 70
271 362 526 177 806 7 58 1021
53 124 53 197 104 221 86 100
289 249 139 26 243 306 81 493
167 168 151 42 193 192 225 161
279 202 295 264 101 216 275 164
50 1406 44 21 36 1409 33 147
183 249 289 138 221 641 100 86
142 264 275 376 111 136 101 164
166 2503 222 253 168 254 185 153
10 44 90 13 131 24 59 18
36 49 70 147 338 243 199 30
70 98 117 319 181 2161 29 72
96 24 37 59 117 31 67 68
59 117 98 118 67 14 70 181
10 118 67 21 49 46 1 48
77 55 94 1 295 275 328 155
1009 1015 873 287 1041 217 990 1039
50 117 118 31 70 37 21 36
145 248 228 39 109 28 63 92
221 104 86 282 274 102 100 692
3 63 51 1096 80 2281 118 948
295 264 101 323 275 111 164 136
33 48 45 15 32 1 47 90
24 129 202 295 279 328 264 142
30 31 97 68 756 24 98 11
184 179 194 154 224 219 522 662
1294 1288 1425 972 1431 1438 1429 1397
59 14 96 67 155 147 131 135
81 20 344 430 70 366 117 97
192 161 225 119 153 99 151 185
124 29 117 51 72 99 119 73
54 11 56 304 128 95 296 279
511 527 350 175 493 3 145 130
14 21 24 82 68 37 36 30
156 31 131 1 70 183 98 8
67 713 10 721 44 24 82 37
27 120 119 148 133 253 124 51
13 8 44 96 18 30 31 24
18 10 30 68 24 70 21 96
266 262 737 3 109 182 63 447
118 8 756 44 57 14 10 24
36 118 98 98 70 97 129 142
118 216 13 142 295 129 101 202
161 151 166 121 185 254 124 253
168 29 253 120 99 119 166 72
63 28 461 3 182 72 420 51
2503 253 254 168 151 193 153 161
14 59 117 126 442 692 431 401
175 541 176 171 204 12 170 130
18 90 44 8 50 14 13 57
48 18 181 10 147 155 279 24
210 156 459 210 210 303 285 291
429 226 352 380 336 361 368 367
37 36 47 32 147 13 44 10
323 277 292 165 137 236 296 322
347 29 27 217 69 287 440 162
234 208 228 362 199 248 512 23
47 17 1 33 46 45 15 32
2 131 18 8 44 96 14 82
431 252 713 401 415 311 310 442
511 350 526 541 490 12 178 200
763 171 541 211 232 1021 510 511
46 48 1 45 155 2 90 17
323 275 164 136 376 137 116 277
95 128 55 304 94 165 137 328
43 142 202 279 295 116 277 296
147 47 45 155 30 18 2 135
82 37 21 197 86 104 197 86
1 45 32 15 135 147 47 18
211 228 29 140 120 119 148 306
50 13 18 31 118 57 98 202
70 181 118 90 295 21 59 297
98 21 138 249 139 37 181 117
308 341 103 816 572 680 687 568
8 14 24 36 401 310 239 415
68 97 98 118 14 98 36 117
282 3 51 63 72 325 28 109
166 222 253 254 168 2503 193 153
340 1022 354 404 380 644 352 361
653 760 714 710 657 2878 2880 2884
1 45 15 2 32 30 67 48
264 43 277 292 296 322 100 328
17 17 17 17 17 17 17 17
24 82 59 37 36 129 67 68
25 163 56 11 218 756 173 77
304 2 31 68 67 135 147 218
86 98 138 221 100 274 102 297
9 454 314 242 293 5 313 150
80 72 7 63 109 187 3 28
36 135 31 46 33 17 49 170
614 617 566 739 387 318 740 307
57 14 96 37 67 21 24 323
37 82 181 118 14 21 59 98
1013 1027 996 308 990 1007 162 969
338 204 362 248 350 541 526 200
255 3 28 30 51 63 72 109
142 279 328 137 165 277 296 43
692 442 391 556 252 310 586 401
274 18 279 275 101 129 328 129
437 2 674 289 411 472 498 679
120 73 133 29 27 99 119 140
328 279 264 43 129 101 216 323
181 97 44 147 131 31 37 117
802 820 823 829 553 1133 675 1124
1523 1536 1538 521 1542 39 214 92
2 131 13 10 82 18 24 70
48 47 45 15 135 155 147 131
202 264 328 275 142 323 111 295
1133 1119 754 365 727 104 138 156
493 494 326 565 506 198 63 3
384 360 1049 1036 745 520 1007 753
51 72 161 193 73 120 254 29
756 55 25 56 40 54 95 77
31 30 98 44 59 14 96 117
356 30 30 243 306 493 326 309
309 511 510 506 306 494 356 177
59 31 18 187 26 81 493 271
474 383 424 428 525 427 384 341
362 298 3 51 362 109 420 170
224 297 262 350 178 248 7 306
47 117 147 40 155 135 2 97
13 90 8 18 30 31 67 70
254 168 119 140 151 121 73 225
116 180 277 296 376 129 216 323
23 1021 271 266 204 1198 3 446
565 506 510 350 745 620 26 511
96 90 131 13 8 44 50 57
166 222 253 254 197 104 100 102
1 32 147 98 45 97 8 21
197 97 21 68 82 70 98 118
31 30 202 96 101 50 8 24
118 756 25 163 11 94 77 173
326 512 72 182 187 81 506 23
507 241 2410 242 5 115 2319 132
90 44 13 135 8 10 21 50
29 45 193 192 90 37 117 17
131 8 13 44 30 31 50 14
98 181 118 249 183 138 104 274
120 140 51 73 72 119 166 2503
315 283 471 399 400 464 20 344
15 8 155 131 18 135 50 147
57 155 135 90 50 10 24 147
1039 1041 520 746 1034 2146 267 1734
401 556 692 586 715 310 431 391
121 140 166 222 168 253 254 2503
131 13 30 57 37 36 67 68
45 2 46 48 47 32 15 155
97 117 98 290 251 25 163 173
44 183 138 139 156 14 104 135
147 135 131 2 13 90 44 50
142 131 18 30 8 181 48 13
59 90 36 82 37 17 46 48
36 98 24 37 68 97 14 59
13 44 18 8 31 10 82 37
162 591 557 480 51 448 103 122
99 140 147 90 21 13 37 57
147 131 67 8 24 37 129 2
526 271 309 506 170 228 171 541
177 338 175 204 130 23 494 7
222 193 151 51 166 2503 225 254
329 294 388 352 354 404 320 340
228 493 490 338 494 199 233 512
13 324 315 532 70 319 366 618
100 221 197 86 102 274 297 657
13 45 15 32 155 10 96 135
90 37 50 14 36 29 27 24
121 254 151 140 42 161 161 193
15 155 147 131 90 14 21 67
140 253 153 124 51 72 121 29
96 44 50 8 10 57 14 21
526 541 12 306 170 7 211 326
68 24 30 37 155 57 131 67
619 521 603 538 601 617 742 743
49 1 32 17 135 2 47 48
735 850 456 814 777 420 812 832
67 8 44 37 18 50 36 82
155 135 2 147 131 90 50 13
147 33 45 37 36 17 118 46
142 279 202 129 295 264 328 101
352 423 355 416 368 1137 1140 388
82 36 31 155 2 98 147 131
2 18 8 21 13 90 97 30
51 63 72 3 109 182 855 702
494 493 326 565 511 309 350 510
1294 1276 1272 1286 1300 1177 1246 1224
18 57 37 14 155 147 135 131
44 21 98 37 57 118 13 86
32 155 131 2 44 57 135 8
124 185 166 42 121 167 253 254
97 181 98 117 118 96 124 29
59 21 10 68 37 97 27 181
145 130 12 170 177 7 208 199
234 28 271 208 309 565 178 228
618 399 519 97 20 366 430 22
98 97 117 31 68 67 118 181
90 117 36 175 4 170 326 46
362 526 175 541 145 130 12 171
541 338 326 130 309 199 306 510
505 507 132 242 115 523 150 241
470 532 399 20 366 315 113 412
166 153 193 151 161 222 2503 193
31 36 67 68 70 97 181 98
96 59 24 82 36 67 37 68
1389 1364 1383 1408 1408 1378 1098 1400
168 153 121 193 185 161 225 192
96 68 50 36 14 21 97 82
360 308 977 745 1062 341 384 990
181 117 118 156 138 139 183 104
166 151 153 253 119 185 42 161
50 57 68 67 21 70 98 36
147 155 90 21 44 131 8 181
471 412 113 90 13 324 315 399
72 51 42 99 120 119 73 140
176 208 262 26 512 541 266 356
1 10 82 155 135 147 131 13
30 532 315 319 618 366 181 519
142 111 328 279 275 295 323 136
376 337 275 216 164 101 111 136
192 124 29 73 99 140 121 42
228 4 262 266 130 7 248 233
82 59 37 36 31 117 118 231
309 12 211 356 176 526 7 234
70 98 14 118 24 37 67 31
490 309 511 356 510 338 350 527
90 13 57 14 21 82 59 18
221 138 102 274 184 146 313 154
40 128 95 55 304 54 56 94
21 82 24 36 59 68 181 117
13 147 90 57 202 24 18 37
2 2 96 18 31 68 30 67
67 14 21 37 68 24 70 36
544 462 481 312 1351 1168 1165 762
1547 1730 727 1679 1729 1377 754 345
63 182 28 80 109 1859 51 409
166 2503 168 254 193 161 185 72
514 384 69 996 1027 1053 1050 1015
67 21 117 96 166 153 99 72
57 14 24 59 50 36 30 67
262 81 232 199 233 4 248 489
4 177 490 232 130 511 356 200
48 49 48 49 47 46 45 32
36 96 82 37 31 67 68 97
177 208 200 232 266 7 262 248
86 138 221 100 104 274 102 297
2 131 18 96 46 48 47 45
18 315 611 319 400 283 97 618
57 10 30 31 96 67 68 70
96 70 97 98 181 117 118 90
1 47 44 33 57 155 147 131
10 118 59 82 31 24 30 68
987 996 1007 1004 969 444 1015 497
104 21 291 285 197 475 278 210
532 30 611 366 519 399 20 319
1202 3 51 63 182 1058 1194 28
90 31 8 10 14 50 57 21
70 181 118 67 31 30 97 98
70 68 118 21 37 82 24 59
520 491 996 497 1026 987 1000 444
57 415 129 129 101 216 164 111
14 98 57 82 21 37 29 18
222 153 99 185 161 120 253 72
14 24 59 82 18 117 142 101
180 277 116 376 296 137 322 165
168 57 254 24 118 192 51 119
37 10 97 59 82 36 181 202
490 12 511 262 510 526 200 26
21 82 24 96 59 37 67 30
193 124 30 72 120 121 119 168
184 154 313 662 3 63 182 803
42 73 119 140 121 2503 166 254
18 45 30 155 135 17 10 24
117 68 70 21 82 98 118 36
879 862 1235 26 2147 726 1206 215
386 405 352 417 380 354 404 1917
135 2 18 30 96 44 70 98
718 445 19 456 215 287 515 270
13 283 324 315 399 430 400 464
33 135 8 155 131 18 13 2
275 155 90 31 67 2 181 117
131 44 57 14 118 147 8 59
15 46 2 48 45 32 155 59
117 21 37 98 82 97 181 118
262 23 309 170 565 737 171 490
216 164 376 137 165 180 292 277
306 204 490 326 527 350 262 199
457 366 1068 117 902 912 97 1040
37 70 97 82 118 98 36 117
10 13 131 8 50 36 183 82
21 59 37 36 30 31 67 97
1036 98 96 31 181 67 117 550
360 745 607 520 1000 1041 1053 996
350 338 512 309 527 510 356 511
506 511 243 565 510 309 512 350
109 72 182 223 28 220 80 209
429 226 1486 1434 1567 1105 865 502
426 354 1311 386 417 373 1314 320
13 131 2 44 21 8 18 30
442 252 415 391 692 401 126 431
15 33 44 155 147 135 2 131
179 98 194 313 219 297 243 493
726 1188 688 1206 156 104 183 138
97 98 118 713 721 732 713 722
510 512 338 350 1043 200 356 526
130 490 204 565 176 12 81 228
1520 135 147 8 1525 44 1528 50
135 17 2 131 17 17 90 13
522 168 161 138 297 253 662 133
32 17 1 46 45 15 135 18
248 757 506 1043 362 7 1021 494
30 31 68 67 50 37 96 36
137 116 180 165 277 292 296 322
131 8 2 67 14 30 24 57
527 208 527 362 541 199 178 248
362 145 511 356 130 512 177 234
117 68 97 118 124 29 27 99
82 59 24 36 30 37 3 63
59 21 274 102 197 104 86 282
14 36 21 222 166 82 120 73
170 161 178 151 192 266 494 511
24 82 10 36 37 81 21 1189
344 13 611 319 464 618 20 117
135 57 90 17 67 49 1 46
95 40 94 342 162 383 263 341
507 313 115 314 242 505 454 9
81 81 526 541 362 177 200 211
511 512 527 176 130 541 12 177
1 15 46 32 49 47 45 135
533 499 118 817 768 197 90 915
131 30 68 18 30 59 82 181
8 147 10 14 30 2 21 1
46 45 32 1 47 15 48 470
511 526 7 208 200 204 176 234
1379 416 425 1609 1648 1653 368 1635
18 98 96 57 138 13 37 30
30 283 430 400 399 464 62 110
399 181 611 81 315 532 400 618
32 33 15 13 147 90 10 14
17 47 147 48 1 8 33 13
96 30 18 31 67 68 117 181
67 48 17 32 1 8 15 82
100 86 289 249 622 345 156 183
119 222 254 99 168 153 51 27
33 47 46 48 15 96 147 44
30 31 70 97 30 98 57 118
96 45 49 48 32 31 59 13
459 226 343 429 1611 1696 321 320
57 96 44 50 14 82 24 59
48 1 68 98 181 45 32 90
44 57 10 14 50 21 24 82
124 1689 534 188 2466 2465 342 2470
47 32 17 155 33 2 131 46
68 98 70 97 181 117 118 124
81 380 1189 355 109 467 226 571
136 275 376 142 218 77 163 173
2 57 10 24 82 59 37 30
415 556 692 431 432 391 586 401
82 10 197 117 181 118 102 98
155 155 96 2 50 147 131 18
48 1 45 32 15 47 155 147
232 338 362 26 356 171 490 506
18 96 8 50 13 44 59 57
49 1 48 46 45 15 32 47
835 18 13 315 430 464 20 344
68 31 98 181 98 70 117 8
135 243 90 490 565 155 510 147
17 17 17 17 17 17 17 17
135 31 147 98 117 13 18 57
493 490 494 326 565 511 510 309
1005 1089 1012 1044 624 1048 1069 360
30 31 70 67 97 98 181 68
27 120 99 119 140 133 73 148
31 97 98 181 117 118 131 13
96 24 59 37 67 70 97 98
380 355 386 388 352 361 644 382
525 473 357 371 372 394 393 585
117 8 118 82 36 67 181 50
202 142 279 295 264 216 275 323
82 14 131 13 59 67 96 36
21 33 181 33 155 131 135 2
309 512 338 565 356 30 362 204
243 490 512 200 199 362 356 23
147 90 37 30 67 18 181 44
139 104 641 685 183 138 760 289
490 493 494 565 326 511 506 309
33 147 131 30 117 181 13 155
45 1 46 15 2 96 118 30
53 99 133 27 217 270 287 27
360 1124 103 383 122 384 341 343
494 338 356 175 541 232 204 145
18 68 119 44 21 97 14 82
48 1 49 32 45 33 15 47
67 70 97 98 181 117 118 543
2 147 50 57 21 90 24 10
591 557 621 383 308 341 263 480
32 33 470 412 471 113 30 18
225 124 29 27 119 51 121 99
18 68 36 33 135 44 30 59
274 297 556 1227 442 252 1251 313
1140 104 138 622 760 714 653 657
46 1 15 33 45 48 47 32
37 90 21 30 18 70 59 98
237 29 121 253 151 192 124 51
37 59 10 14 97 30 90 57
99 73 119 140 148 133 736 1914
20 283 430 519 400 98 97 344
46 33 1 48 47 45 15 32
30 97 90 30 68 59 98 14
15 48 32 135 44 31 33 10
215 989 341 1049 1013 1029 1036 383
221 104 274 100 297 102 197 98
109 30 182 201 575 28 450 80
135 50 90 57 36 10 82 59
1227 138 103 384 100 274 383 314
24 82 59 37 18 36 30 31
50 36 18 181 70 44 98 31
68 63 98 72 109 26 369 96
135 1 32 30 68 147 155 57
165 202 180 279 236 277 322 296
47 135 44 14 24 36 67 13
340 404 336 1311 405 429 459 1635
873 977 745 620 215 746 287 270
21 24 82 30 37 31 30 252
117 67 97 118 98 98 181 70
130 356 326 200 232 262 266 512
200 208 204 232 211 234 228 7
67 59 14 135 50 147 90 21
242 132 314 9 5 454 27 222
131 2 13 8 44 50 21 24
147 90 24 14 155 21 135 2
1258 632 698 666 659 642 665 606
57 14 21 24 82 37 59 756
99 42 51 120 119 168 121 222
124 124 124 161 225 124 124 185
129 216 124 275 142 202 101 323
50 14 24 31 57 37 90 44
32 17 1 48 47 15 45 33
82 37 30 67 118 2 155 147
24 59 36 279 67 70 68 97
181 50 44 90 118 8 31 57
222 2503 254 253 153 193 161 225
526 145 494 763 565 326 1047 506
48 135 10 306 37 8 181 145
734 299 1857 1291 1999 1988 1790 97
51 117 168 73 42 161 124 27
12 178 510 200 232 512 4 199
1080 550 325 663 594 85 514 69
73 119 72 133 148 98 120 140
1015 753 663 347 447 440 449 594
217 1007 103 1015 1013 1026 1062 989
155 2 24 90 18 96 44 57
145 262 200 309 233 350 248 4
47 33 32 48 15 46 17 45
131 399 283 18 519 30 532 90
104 139 196 249 51 222 151 225
59 37 97 36 14 24 68 82
1666 274 454 314 293 454 505 104
50 14 82 36 67 30 48 49
155 147 82 135 2 36 68 98
211 232 233 23 248 271 57 10
10 14 21 82 59 37 24 36
48 147 13 44 90 67 98 10
326 512 493 494 362 565 541 506
165 116 180 236 277 292 296 376
31 90 96 131 44 70 50 13
24 36 21 10 142 279 202 295
326 36 26 96 59 243 81 565
202 279 296 180 376 165 328 116
124 120 140 1054 98 119 99 148
4 80 36 178 7 512 175 36
225 1349 1287 1252 1112 103 996 360
307 538 533 387 584 521 499 318
232 177 309 565 233 494 338 234
565 362 511 506 175 266 350 526
726 124 215 27 124 561 29 119
279 295 328 101 323 275 111 164
59 44 253 21 161 225 98 29
73 192 119 253 140 259 148 133
96 14 24 36 67 97 181 124
222 151 168 153 167 253 161 192
344 22 1006 611 1006 900 29 418
57 14 68 67 10 70 97 118
36 57 118 156 156 183 138 104
46 1 45 48 33 32 15 47
104 132 183 86 9 104 274 5
46 33 45 15 32 135 155 147
264 129 202 142 275 295 328 279
135 1 129 14 2 295 323 111
72 151 166 153 73 253 225 161
36 82 59 27 166 121 2503 124
489 209 220 330 187 461 1202 298
412 399 324 471 90 315 98 400
27 133 13 120 18 2 155 24
21 59 197 96 68 97 118 138
131 13 8 90 44 50 10 57
183 249 196 289 124 29 27 51
17 17 17 17 17 17 17 17
68 97 98 10 50 13 37 8
236 155 147 135 90 82 57 8
109 461 1882 1206 356 266 688 215
30 147 57 24 1229 431 252 264
70 10 59 641 156 104 297 96
48 33 155 147 135 2 131 8
773 1835 1287 1258 288 1112 1252 1841
17 46 33 48 1 47 45 15
15 67 45 30 68 18 70 98
8 44 57 155 135 10 2 14
197 823 138 183 104 196 765 345
376 136 101 111 323 128 407 1075
104 401 662 442 126 252 391 311
15 155 135 90 147 2 44 8
68 98 2503 97 70 181 118 117
70 98 118 45 135 13 8 44
862 878 811 876 871 2172 2168 2169
720 729 571 638 294 645 434 712
24 59 36 138 100 197 102 297
10 14 21 59 36 18 82 24
532 30 283 319 117 519 98 70
512 490 362 306 494 541 506 493
117 155 131 13 18 10 44 90
44 57 30 59 21 36 14 50
44 8 37 97 118 117 82 181
67 136 43 129 142 264 279 202
18 13 399 519 618 97 181 319
708 1666 1169 26 490 309 175 204
236 322 165 292 216 136 129 323
147 135 2 131 90 13 18 44
140 193 2503 185 225 53 270 287
46 1 47 45 33 15 470 471
18 155 96 147 135 131 13 90
151 153 253 119 185 42 161 193
464 117 532 618 319 202 366 98
18 37 67 57 98 30 10 68
271 182 39 3 51 63 92 28
48 181 33 46 45 15 2 1
49 45 33 17 46 48 15 1
17 46 48 33 45 1 47 15
59 2 98 118 289 746 1098 713
21 18 82 24 192 59 37 36
57 8 44 14 82 59 37 36
13 90 18 8 67 68 50 57
181 118 13 131 135 90 44 57
437 472 411 30 498 289 674 577
321 388 417 416 403 359 354 340
26 117 57 36 510 96 243 37
21 31 59 18 13 90 8 44
1 48 45 47 470 471 315 13
307 1747 1627 1620 584 1745 1625 1755
163 623 239 156 104 183 139 249
147 90 18 98 117 131 8 50
262 312 63 3 109 182 1165 1168
381 33 1 47 17 46 15 48
32 47 135 97 8 50 59 14
401 391 311 453 713 721 746 732
30 68 662 97 181 138 102 197
50 47 13 181 17 49 30 15
511 309 506 510 512 350 130 527
21 24 82 37 96 129 59 202
70 117 98 118 181 713 722 721
147 2 90 131 13 44 18 8
131 90 10 14 24 44 8 18
81 306 243 565 493 494 506 309
211 248 156 350 233 494 28 541
977 491 1026 607 1053 1049 620 1365
298 243 28 494 511 80 350 526
356 3 362 63 526 175 145 109
118 183 196 96 44 50 8 67
96 98 8 44 82 57 50 24
176 326 208 200 822 338 177 211
161 225 2505 185 192 1006 1546 133
2503 119 29 222 166 73 151 192
72 254 161 151 185 121 193 225
202 1085 1074 1092 275 323 216 111
1061 82 36 10 165 180 292 322
45 47 32 33 30 155 147 2
131 8 44 90 50 30 18 31
147 2 70 90 181 131 18 13
688 193 707 166 139 161 138 2503
18 24 98 118 48 1 32 147
98 2 135 50 10 98 37 30
326 506 511 309 510 350 527 176
94 54 95 43 295 202 279 142
155 90 31 147 30 18 8 59
2160 636 596 542 434 664 712 2126
233 4 266 309 232 350 211 526
124 270 51 72 42 120 140 121
275 111 136 164 376 43 116 137
32 155 15 147 131 96 90 30
447 420 737 999 958 187 298 461
124 29 27 51 72 99 73 42
254 565 306 350 510 326 1202 255
197 24 30 59 31 36 10 96
208 51 262 271 266 228 458 232
131 90 13 18 96 8 50 44
68 50 135 13 36 31 117 82
10 135 37 13 155 90 118 73
68 10 59 98 117 82 21 36
243 506 565 309 510 512 350 326
131 8 44 13 90 31 18 30
135 2 50 8 68 57 10 70
10 98 90 21 98 14 118 24
506 512 356 175 130 326 178 7
162 384 1103 98 1500 1501 308 85
2 147 135 131 90 18 13 96
50 57 10 21 14 82 59 36
350 526 243 541 490 493 326 130
97 90 13 30 44 31 8 59
175 356 4 28 170 178 526 234
532 70 13 181 97 117 464 283
802 829 820 343 1105 1022 423 1430
96 297 131 21 86 36 138 147
31 96 147 2 82 59 18 131
185 193 121 37 73 118 253 254
1100 1090 1108 1106 585 539 1110 980
90 30 96 8 18 44 31 30
147 90 82 31 14 10 181 29
155 135 97 2 147 30 31 18
254 192 99 168 72 151 225 185
32 45 46 31 1 48 117 37
360 217 868 514 98 287 384 270
601 619 436 614 616 499 742 739
1006 29 457 30 17 1071 168 166
202 279 295 328 264 137 116 180
304 11 55 40 54 128 56 95
1215 2512 2500 1941 1458 735 1250 554
239 421 391 623 203 421 623 218
471 464 470 532 30 399 344 18
147 44 8 13 10 131 18 30
47 70 10 57 48 135 50 17
100 297 221 274 313 115 454 132
72 185 51 168 193 27 222 225
234 356 112 63 3 39 92 72
27 119 72 29 42 193 161 185
350 510 266 349 306 565 541 175
147 90 8 44 59 36 24 96
165 296 43 116 137 277 180 292
33 32 15 47 82 48 57 46
233 232 4 248 266 493 326 306
264 43 328 180 136 116 277 165
283 399 519 324 344 464 22 611
13 113 90 18 315 400 464 519
129 129 279 412 90 936 324 16
187 80 370 255 349 325 198 267
180 236 322 202 137 165 296 295
32 15 47 33 155 147 135 2
399 20 344 22 611 618 18 532
360 103 534 591 122 557 162 480
155 2 135 8 147 44 36 57
131 13 18 90 135 2 8 57
97 323 117 216 295 264 376 96
8 10 44 131 30 67 118 14
96 13 90 97 181 117 44 36
57 31 1 14 131 32 48 10
532 324 400 399 344 430 519 20
27 99 8 29 31 73 50 68
10 15 197 104 155 90 2 131
1685 1680 1681 1688 1571 336 437 423
153 140 222 42 73 119 151 225
506 309 510 511 512 356 349 370
24 36 155 30 44 131 18 13
51 73 99 27 119 222 166 2503
27 73 148 140 133 124 51 168
70 131 18 98 59 82 37 90
13 131 57 21 70 37 10 24
193 161 225 185 24 82 21 59
8 44 50 10 57 96 24 82
170 511 208 234 512 23 271 356
44 59 24 37 135 82 147 2
197 197 98 86 138 282 86 274
90 8 18 30 31 30 96 44
165 116 137 180 236 277 292 296
15 33 48 32 47 45 1 430
119 561 561 1809 140 1825 1825 217
130 243 526 490 171 208 170 81
1098 1131 1119 1830 1124 1828 1810 1833
3 63 72 51 109 182 562 408
510 200 232 512 4 199 326 271
131 13 57 1584 10 59 24 36
13 18 31 24 155 2 147 135
135 131 13 68 90 8 50 44
32 135 181 90 17 33 48 1
432 137 180 296 43 279 202 328
82 37 21 96 57 36 18 59
185 295 216 136 51 27 72 99
155 147 59 1 49 14 118 67
423 1468 1478 1419 865 320 1022 1430
15 8 57 1 24 17 18 135
262 232 23 4 233 248 266 271
50 72 18 21 8 131 30 31
207 3 30 369 51 72 339 335
147 2 90 131 13 8 50 44
118 117 124 51 119 27 166 29
490 493 565 63 72 702 80 26
51 3 63 182 92 80 109 28
44 57 10 21 24 59 90 37
119 254 166 193 192 225 185 639
10 26 82 15 1 50 14 67
31 21 24 59 82 37 36 67
1867 1892 1965 1966 1889 1964 1971 1898
1413 1461 713 722 746 294 336 354
46 48 45 15 17 33 1 47
8 118 70 31 44 181 50 10
1639 202 1070 1085 1086 1092 116 180
26 81 243 490 306 493 494 326
11 55 40 54 128 94 163 77
817 886 904 521 950 984 826 887
57 30 10 44 37 24 14 345
118 59 96 97 10 70 21 82
81 356 130 199 511 526 171 23
289 499 679 318 577 250 1603 521
17 46 33 48 47 1 45 15
45 47 32 90 33 1 31 155
99 120 140 121 166 168 2503 222
17 155 233 1 232 527 30 31
124 27 51 119 121 222 168 29
30 50 8 117 131 13 96 44
118 36 70 59 10 181 14 117
90 82 33 36 31 135 8 44
147 135 2 90 50 13 44 18
99 151 168 161 185 29 51 166
119 29 1278 27 120 133 99 73
145 541 526 12 130 204 171 170
181 98 10 118 68 142 43 101
415 431 391 442 756 94 163 11
324 315 30 532 117 400 366 97
1365 1004 1007 1029 1035 497 383 1041
526 200 233 178 4 232 541 80
57 31 202 8 50 10 14 216
30 17 97 2 46 1 45 67
243 306 494 326 490 493 565 506
51 119 29 27 99 121 42 168
3 325 370 28 80 182 255 909
70 68 117 164 67 181 31 98
48 506 51 131 96 30 21 24
49 15 44 48 47 13 33 10
1 32 147 90 33 13 2 96
70 50 24 37 10 243 82 26
30 8 70 67 713 10 721 44
86 98 138 102 100 150 507 132
70 36 98 117 98 24 96 100
350 527 72 109 362 356 575 145
40 94 82 18 24 30 68 118
72 365 1364 1385 1383 1098 1124 1400
289 249 146 179 194 219 138 184
506 199 200 232 211 233 4 248
31 68 117 97 67 70 118 98
806 211 178 200 208 232 228 233
142 202 295 328 264 216 164 275
16 936 490 306 506 512 338 362
45 36 32 30 70 155 18 13
36 1 111 37 323 136 18 165
252 535 415 431 421 173 26 490
23 199 309 262 356 176 565 271
31 98 68 67 70 30 97 117
520 259 92 514 124 124 1250 360
147 131 90 44 50 17 1 46
170 178 234 228 208 23 262 493
155 2 147 135 131 37 90 50
1 45 15 47 32 33 46 48
45 135 147 2 50 8 90 44
48 155 147 135 131 90 2 13
17 46 48 33 1 45 47 15
46 1 49 29 45 51 32 121
2 31 68 1 45 98 46 118
98 104 86 102 138 194 274 313
1 15 471 618 70 470 72 457
36 59 131 90 24 37 96 142
49 46 15 29 135 44 17 1
391 415 311 442 432 453 43 43
18 30 131 96 67 31 70 97
401 310 415 432 431 311 442 453
448 188 342 360 103 534 591 122
611 532 70 30 366 117 181 98
131 30 70 181 8 82 21 147
1830 1131 1124 291 210 278 291 285
47 13 70 97 59 279 147 90
340 405 352 380 276 403 368 388
10 36 59 31 97 98 68 264
135 221 13 97 57 5 96 21
1889 1888 105 87 93 88 2043 2045
70 430 464 519 20 98 97 181
1930 657 1239 1926 1931 1075 25 173
1725 1732 1720 1720 578 1728 1733 1724
611 618 30 18 319 366 532 97
222 168 153 161 193 151 185 225
192 179 219 224 146 184 1227 154
117 97 233 72 199 80 211 181
303 285 210 291 475 278 318 436
155 24 118 2 18 68 44 131
26 228 356 145 243 81 306 200
423 321 354 340 368 386 388 405
96 14 57 98 97 24 181 59
80 454 314 274 505 293 9 150
135 147 131 13 18 30 68 70
8 50 96 14 24 82 37 36
18 30 31 10 57 96 21 14
10 21 24 82 59 37 18 36
2054 3061 3062 2052 1657 1651 1640 1665
714 213 622 196 653 657 287 654
1039 1041 1029 1013 1007 990 989 2942
1104 1057 124 124 124 124 124 124
512 204 177 338 266 326 211 356
399 283 18 519 30 532 90 366
102 297 104 86 100 297 197 138
171 262 234 175 17 1 45 44
14 155 181 135 147 2 90 131
15 155 33 13 8 147 44 50
490 541 171 145 130 204 170 177
228 175 356 130 208 211 23 271
96 70 117 3 243 732 721 1119
428 525 1299 474 308 383 384 341
193 161 225 185 156 104 138 183
19 1841 1835 515 288 1258 1287 456
14 24 82 36 10 30 31 57
90 8 44 50 57 10 124 124
140 73 161 119 254 192 253 2503
30 21 98 10 70 97 82 117
722 721 289 732 836 1133 1098 1131
98 8 50 10 24 59 44 57
135 48 45 32 44 72 46 18
138 104 249 196 289 139 622 657
98 24 133 82 98 59 1689 29
527 512 362 145 130 511 338 350
494 266 4 510 208 248 232 306
147 100 18 2 155 131 44 30
90 57 8 131 50 10 2 24
118 2 90 18 14 82 746 30
917 917 917 917 917 917 917 917
131 13 135 18 30 31 57 67
170 204 12 178 177 199 208 200
130 171 12 145 204 170 177 199
168 253 193 225 29 119 140 72
101 164 376 202 142 279 295 264
82 36 24 70 10 98 37 68
98 97 21 117 96 17 1 49
117 68 70 21 82 98 118 36
155 147 135 2 131 90 18 96
100 274 183 104 138 104 139 86
926 915 950 104 98 86 934 184
376 43 137 116 165 180 277 292
519 20 344 22 618 611 319 366
14 21 82 24 59 18 36 37
57 147 98 9 82 132 14 37
