11 4 6 356 598 45 1145 12
2298 1138 2331 8109 6896 1639 934 28
15780 3 4966 32 49 77 5060 5856
3867 3868 1063 554 27 987 1 218
353 55 138 2163 1144 58 12 8096
6835 77 737 4104 534 3237 633 148
382 784 273 7 71 2101 77 6784
897 321 71 999 1000 77 3723 148
432 435 448 453 787 2429 464 2332
1 6 1913 944 155 1857 741 2041
540 800 1536 363 1692 25 1693 582
370 650 774 2130 1166 3141 696 3
1703 504 2105 6163 2201 2285 4769 694
989 990 90 521 141 263 2192 77
1151 4067 815 4779 5977 3638 135 4480
1455 347 1537 56 6332 3362 3680 3665
32 2300 5086 896 3352 402 2855 897
4845 4846 4847 4848 4849 4850 1258 1259
6 56 3361 756 3385 1456 3470 350
3398 2419 584 64 135 77 290 737
3784 972 598 45 523 5355 2886 9404
2232 3908 4354 3331 10129 5238 5259 5260
259 1465 3338 8533 6164 2160 273 11708
2234 890 3935 7576 2861 5452 212 213
3834 290 1101 6000 432 435 869 3092
11 6 1018 4960 548 2192 2094 1052
27 6 215 1146 278 4074 7 51
628 1071 4065 2367 148 432 3072 585
2125 2126 2127 2128 2129 1035 2130 2059
64 724 552 726 11545 435 916 838
2925 2926 2927 2928 2929 2930 2931 2932
2009 1 218 40 6 540 1536 763
3905 1496 1497 10092 4391 6877 205 1960
781 537 59 2886 12 3230 3 938
5097 5098 4833 4834 4835 4836 4837 4838
4952 1037 848 2221 49 135 568 4597
1034 307 5084 7 2443 209 5809 446
4964 4616 376 306 504 6448 4643 380
6251 10719 6258 8793 11993 6130 897 87
3170 3171 3172 276 2972 5843 6087 6088
6 83 64 28 398 7 16098 29
4838 4839 4840 4841 5101 11 6 153
269 11 3357 27 1 218 6 857
2201 2285 4769 694 6164 273 83 4774
4575 5218 901 903 764 5625 3499 155
3888 871 3129 836 837 3319 1007 3669
438 916 5063 3957 3383 137 474 1011
4335 579 540 1984 1941 254 361 1682
2745 2769 14513 14514 14515 2789 204 278
610 28 7 32 1958 2396 5326 5408
5673 797 5675 1113 1630 1632 18 7
4712 1536 254 1648 221 747 4721 580
1293 1304 1305 1316 1327 1338 1344 1345
7827 2250 109 3401 7545 4779 531 148
5536 1147 3224 382 784 273 7047 7274
4687 253 1590 4688 3497 4689 4573 4690
5418 626 5658 5182 686 1838 354 4696
85 86 3136 6912 148 667 916 3255
3141 2160 697 3322 1475 62 64 1481
11 218 40 6 863 20 148 18083
1 6 342 11893 2207 4172 860 8093
4833 4834 4835 4836 4837 4838 4839 4840
2124 2282 372 90 521 522 777 260
4068 4069 7171 4312 3758 723 2389 724
1065 1548 889 1554 631 3504 83 5017
4833 4834 4835 5101 11 1 218 6
109 112 113 4321 116 4322 118 1071
40 6 41 2026 2941 254 155 232
9936 5843 897 87 3430 6949 1980 8122
6 89 555 55 231 3 702 7095
2858 1976 1977 1978 211 8225 3152 15826
344 1132 598 12 10497 3 587 446
10276 1934 37 11287 211 87 3988 9835
1353 1354 1355 1356 1362 1373 1384 1395
6 152 2874 3322 83 3 2196 316
371 6333 1132 90 521 777 2403 2190
1458 615 6118 13555 2342 11525 18173 18174
598 45 523 1133 4963 2942 4964 4360
327 328 338 339 11 6 1539 17867
4841 5101 11 987 218 6 4160 1885
11 27 6 3 7 50 3675 211
64 4068 28 7 32 1956 1960 71
4172 1893 1769 2 1770 3464 1914 56
27 1 6 361 230 688 19046 1712
3405 19555 7 866 531 737 573 6615
1 6 89 6790 6061 3363 2026 4058
218 6 56 10908 13981 254 25 230
14 7 1868 71 999 1000 77 136
77 1001 148 445 2948 2826 8084 499
2172 706 14 97 98 397 101 103
1644 2257 2070 6760 2260 153 1535 540
3489 397 1716 104 106 1743 109 7123
1871 679 795 11 160 1 218 6
1466 2282 2975 1810 5502 827 1132 1019
12254 12255 12256 12257 12258 12259 12260 12261
2886 3141 1845 3 865 568 2018 470
1437 268 2206 11 1 218 6 1836
218 6 1805 21 1864 3 148 2333
2863 88 2864 2865 11740 1140 866 429
7 4387 1774 531 1614 534 148 675
2975 5502 827 4507 1019 372 1827 90
1591 350 6342 9392 5914 3695 511 991
1921 380 3230 4663 807 2093 64 3345
3620 4108 4109 1 218 6 9382 3363
582 513 4512 882 1808 3576 516 884
826 3473 1025 376 306 115 448 786
11 27 6 10958 278 7 49 1575
882 1808 2277 772 2954 1030 1466 2281
930 776 521 2403 537 45 1024 4964
1 218 40 6 2 905 139 556
10252 10253 610 14100 2457 20850 6339 3776
3045 436 5012 446 448 450 453 786
3500 1863 2269 3512 369 1463 3120 1864
3404 2422 2424 670 3405 49 135 423
40 6 583 764 3511 1600 1807 1711
47 3369 18 702 812 11476 6578 708
491 1810 1132 1019 372 520 90 521
3386 1807 1601 368 1863 1037 71 999
2977 64 5378 1672 601 9251 847 670
11129 135 5856 6303 148 667 1141 432
230 2951 155 2041 769 233 367 368
3386 2129 696 4065 5755 3721 3723 3102
313 11393 460 466 11394 3145 2984 137
640 5656 5192 1 218 40 1143 665
8763 5592 7048 9562 706 5598 5742 3812
273 3 4851 13927 133 64 135 148
2 4181 1906 1770 1771 666 215 46
1838 354 1644 3197 4698 759 20 153
537 782 43 970 1025 58 3518 829
765 1515 3484 2039 1516 155 1650 825
446 447 448 1726 453 3727 787 868
8450 11444 3669 3960 3415 4910 4970 5984
531 290 3835 148 587 446 455 461
2083 90 4745 6469 2959 4516 13842 2942
1472 8223 6281 701 702 2168 2169 4628
1 6 15348 3110 5632 83 7118 7
731 28 7 32 1496 1498 205 1960
10574 6244 8374 5262 5736 5705 5602 10787
1446 246 11 4 1039 1 6 356
9201 13479 6827 13480 1174 1714 4629 9562
4067 1481 3758 278 28 7 32 11367
142 969 3648 970 260 281 1025 1811
695 4566 3650 8266 4990 8282 9200 3232
1470 3227 3322 3158 102 629 106 1744
8910 5210 12863 7966 7591 16997 649 897
3544 303 254 361 1682 1685 4720 1686
45 523 1133 1145 2886 12 3394 783
777 142 3473 281 1025 58 1812 829
5569 7783 4503 4365 1997 5192 2150 5374
2846 3283 3284 1496 86 14375 4489 4490
1568 4417 256 1806 364 1692 1693 3517
11 6 9656 55 1035 3 531 867
507 4416 340 804 11 987 1 218
2417 4774 9100 5311 2060 2061 3087 64
15728 1 218 6 556 1018 4988 303
27 1 6 2343 631 632 7 205
7122 7123 2896 2897 2898 2899 2900 2901
5418 5182 686 354 1644 4500 2259 2260
69 11 1777 40 6 350 155 515
27 1 6 3 278 934 28 7
1 6 1519 3 1611 77 5395 13836
1672 724 601 2370 1169 835 1588 670
1467 1132 90 521 3473 996 12477 148
7623 9083 1763 398 6146 7653 3684 9084
11 6 5657 686 901 361 1683 1648
27 6 343 55 3 278 7 1742
85 8159 86 6420 5452 212 87 3478
777 3718 4747 4748 3390 1989 2157 5695
5605 4066 5311 4067 4776 644 64 2456
897 86 1529 422 2064 148 292 494
423 77 633 136 148 444 455 4641
8284 5592 1174 704 706 812 9215 8658
259 368 1605 3187 237 771 1466 1810
10770 4509 874 9704 9543 10202 4918 9705
2180 2035 2036 4726 362 4727 1806 1986
2070 6760 4345 2260 5659 2261 2262 4443
3658 2164 699 3 1473 558 118 1071
7906 3342 10041 2300 897 10389 1090 1091
688 233 368 1464 1652 522 142 781
27 6 152 3 7 1956 205 7911
358 1536 254 361 1124 1688 764 2265
1960 9474 9475 8967 8099 8940 9191 1052
2025 861 756 4026 5368 619 2026 4058
506 11 251 6 4616 1531 376 6720
3 278 7 1140 2242 422 633 438
28 7901 7 2226 32 37 591 49
102 3490 10790 3398 6110 1479 644 64
1024 1145 83 1612 934 7 5928 5931
5028 729 670 278 7 1496 205 1507
15141 7808 303 2376 142 43 281 3518
2037 766 2872 257 825 2266 514 772
2874 3 2175 3235 62 64 1481 3758
353 354 355 356 357 154 228 358
3 2059 278 7 1956 49 205 135
8608 8609 8610 6881 8611 8612 6422 8613
658 40 659 660 1143 665 6 303
90 141 537 3121 5013 281 1812 972
1141 4045 427 3974 428 292 430 434
4680 4509 874 3417 3961 1816 1486 4927
7025 7026 5702 4990 5477 7027 7028 7029
3373 832 3374 2245 3375 558 3376 4966
4769 694 3658 1136 2050 3802 3649 4808
632 1981 254 361 3682 1124 221 1688
11 1 6 15502 4786 6061 2103 303
837 1923 3417 1926 10784 740 2956 678
6 4445 18943 3 7 1496 205 77
230 155 768 512 231 650 2122 2123
3198 1077 2065 3236 148 452 786 472
3869 215 1144 237 7815 1570 3 736
6 993 3 5586 675 2145 3255 4893
2885 276 6085 6086 6924 13441 3668 8820
206 276 897 1774 1068 87 88 3552
153 154 147 359 1536 46 379 2214
11 4114 4116 603 640 7250 1569 8619
6949 8144 1980 8730 6848 7758 10782 11711
506 269 11 1 6 89 303 138
987 1 218 40 2024 314 6 857
1001 148 425 292 3408 1723 3409 435
259 1630 1631 1707 1632 826 1652 1146
11 218 6 1770 783 2094 83 1973
1232 1233 1234 1235 1236 1237 1238 1239
3497 4573 4442 5107 1754 3197 6760 2035
2228 3331 2229 2885 1868 3505 11333 3567
11 6 303 759 3 7544 64 423
294 83 5728 1174 64 14035 2457 11998
12634 2073 3217 3 644 670 148 978
4806 138 229 364 45 974 1830 241
5019 3749 709 3374 1832 9233 4063 9234
1829 4759 12 9406 2356 64 423 3569
1370 1371 1372 1374 1375 1376 1377 1378
1065 1542 1543 1544 1545 631 632 3504
2300 402 3976 897 86 209 3565 210
7167 1481 719 3758 2389 724 726 835
27 6 805 3258 841 38 303 3485
4666 464 4638 492 2018 4053 4969 470
3405 8667 2457 7222 7223 7226 5572 7228
1807 1113 2042 930 1988 1464 2273 5685
6934 6937 6320 46 672 807 114 135
276 1155 897 87 6169 4662 88 633
2019 3241 507 4055 3611 8316 3243 554
1444 1445 1446 1449 1450 2109 2110 2111
11 6 5492 555 3692 2844 491 142
1117 138 253 7393 7394 4442 1754 3197
466 3957 837 6716 470 3383 2336 3145
1373 1384 1395 1411 1412 1413 1415 1416
148 292 787 870 2334 838 2067 1014
11 2085 657 2086 40 4015 3456 1143
368 2952 2269 1864 1709 234 235 1465
6710 11 6 3492 2888 1131 781 537
5188 1034 882 1808 515 4737 518 2072
275 6326 218 6 5102 2119 2069 2120
6 3510 2118 3514 2069 2121 4442 3515
40 659 6 378 83 3 64 148
1545 6522 10745 889 1555 631 632 3504
5092 5093 4831 5094 4832 5095 5098 5099
86 3565 16683 16363 420 1868 5581 11333
6 2 361 9144 221 6563 3 4066
3483 303 1800 1539 247 254 514 1130
512 19795 7 891 2867 4238 420 633
45 689 4480 1843 4101 633 136 967
1838 1644 901 1690 4726 364 25 827
9792 3634 7980 8719 3342 10041 2300 897
21 4335 1648 5677 158 1464 772 2954
5020 5021 5022 5023 652 5024 5025 5026
421 77 1077 148 492 17631 4571 5068
2111 2112 2113 2114 3866 3867 3868 2115
7 591 3905 1496 205 9901 9902 6251
1631 1708 234 237 772 2954 90 537
3357 1997 987 6 11521 303 446 448
5670 582 4980 3190 824 230 5307 583
265 1138 7 2847 591 49 2850 1498
632 90 3 64 6660 278 2845 7
3124 815 723 3405 49 11405 4092 885
3456 1143 665 2024 314 6 1803 2
993 20 540 358 747 229 372 1827
14051 46 382 2164 14760 278 49 135
4628 7050 6486 2171 2172 703 1714 2173
12 7396 5698 1921 2214 2285 3632 99
423 2254 435 438 224 468 4680 469
40 659 314 6 3473 864 1795 242
1037 4779 135 423 737 2425 312 3198
113 114 115 118 1071 2914 2917 2920
6 303 1597 1800 90 777 306 2192
773 2072 1035 45 523 2050 10529 98
3 185 204 7 87 4662 88 1140
17623 423 866 1001 4498 446 482 3888
1440 1441 1442 1443 1444 1445 1446 1447
376 306 115 448 786 470 5716 1816
302 3139 2255 1837 1805 626 1754 354
2331 7 2850 206 897 885 455 838
1400 1401 1402 1403 1404 1405 1406 1407
11 6543 6 1647 3 4625 77 438
719 730 278 28 7 2226 32 7573
206 2229 5449 10605 10050 11013 5452 5453
504 2216 672 8092 192 204 278 7
1138 2331 934 398 7 399 7697 400
6 7607 89 2163 83 3 3193 6174
1201 1202 1204 1205 1206 1207 1208 1209
89 5619 3361 3470 2941 5375 3387 303
2367 2368 2416 5027 584 644 64 1588
1 218 6 55 1754 354 1644 8178
303 2073 379 2105 3226 4990 7044 4350
8118 8119 3503 8144 1980 8145 1529 1101
185 6873 204 278 7 2849 205 3923
380 12828 1067 2448 4990 4311 3582 2298
10274 2879 2060 4952 2456 1481 1037 3758
402 7981 897 87 88 3956 148 3937
90 77 4599 290 737 7510 435 438
2057 130 3788 131 132 64 3405 866
632 25 2038 2377 257 155 1857 365
3945 2037 5671 9757 2043 931 2873 2952
640 3332 6719 658 40 665 6 2192
11 4 218 6 4646 55 4695 1838
3801 16118 3 720 19098 866 24 4100
772 775 1809 140 784 14535 1510 1077
6 1885 2 1991 2843 215 1800 5807
1466 491 1810 90 521 522 537 3437
3908 85 10129 402 897 86 421 423
784 3230 5407 294 83 980 815 7
1168 139 2119 220 5663 845 762 901
6 230 232 3647 3 106 7 148
1439 11 218 6 2 5044 4685 3692
357 1765 845 21 1534 604 579 358
993 772 3 1660 1612 494 3587 498
6 1838 1644 694 64 3638 135 148
1271 1282 1293 1304 1305 1316 1327 1338
492 17631 4571 5068 6224 10165 494 927
2283 528 1519 1135 530 2284 3192 14
997 43 281 1812 829 1795 242 3395
204 7 1050 32 37 1954 85 86
489 11 27 6 278 7 7356 7360
934 7 85 6630 3170 276 9982 10596
118 128 3810 9800 833 7879 2059 4068
971 972 598 4516 1133 1145 5048 1829
11 1 6 12571 511 1564 296 777
2072 2279 7411 4562 3388 2280 2124 1466
12428 564 3131 10915 11225 266 793 316
166 171 172 174 178 2514 182 184
2150 218 6 153 5663 1119 845 762
2053 2055 3 3638 77 7833 5395 4357
11 4 251 1 6 1917 1738 19
1679 247 632 687 6202 3 629 8063
2122 3388 2280 774 1035 3084 491 1810
379 694 3658 1711 3802 697 273 3
2150 270 6 303 138 233 294 5983
987 1 6 303 1144 9434 662 148
1993 7779 1994 7780 7781 5569 7782 7783
9759 8237 3420 98 99 397 102 1716
4202 1916 351 543 825 773 1467 3437
5654 2214 222 2199 2217 159 3658 2048
11 502 6 303 14918 1609 3369 273
6 2 1168 510 1687 2273 278 7415
1715 98 397 103 1071 711 3086 2059
11 1777 6 2 1605 1863 1864 1865
440 443 444 445 446 447 448 1726
4253 16658 4864 4256 1946 15512 7373 6158
3520 10543 46 379 4769 830 2094 3595
2116 11 27 987 1 218 6 5871
215 2844 83 3193 6174 265 37 897
5028 136 148 458 12470 573 916 2145
7173 2389 9070 670 737 4104 867 442
6760 2442 357 1119 761 3118 46 379
640 1642 27 6 1769 2 1455 90
2073 3217 5627 5654 222 2105 2201 380
694 3123 18746 3 980 7573 148 667
4350 2406 1070 1473 2169 7050 2170 4351
777 3473 2190 970 260 829 689 692
269 11 6 3720 3 2448 14 4851
2136 1166 382 672 2094 3 938 5058
11 3751 218 6 775 537 1146 3
138 363 2403 16937 12045 5589 18120 3524
8636 8637 4602 3102 4332 1614 4100 5440
934 7 49 2234 1774 8773 4662 88
1428 1436 1437 508 11 27 1 218
271 2025 3792 475 2026 3385 1116 10284
1771 1644 355 21 378 1570 83 1762
857 753 1741 89 3680 1168 1456 350
3102 10111 10218 428 482 17467 2332 6868
142 3121 58 239 1469 14039 2400 689
372 90 2959 3322 11157 2357 435 587
1478 3400 5971 2878 2367 2416 584 3087
3152 2864 1140 2866 135 148 6470 877
512 769 1600 4060 232 1601 259 157
1243 1244 1245 1246 1247 1248 1249 1250
2800 51 205 276 1774 12722 13681 5452
1810 1132 90 2959 2285 784 5234 3
2049 3221 3222 1147 3227 2013 5537 3228
294 2220 1076 531 446 787 464 1928
981 7 49 12014 7419 4412 3151 10177
55 138 3 2304 494 10822 3958 4028
228 539 1647 11361 9283 1648 4979 2047
1521 1523 4466 2053 2054 13088 3637 2055
46 1060 400 5577 2855 422 424 148
889 5179 7 2443 879 1054 1529 321
3444 11 218 6 8107 343 1912 632
1 6 1679 247 6268 2452 3486 9759
1449 1450 11857 3968 11921 269 11 987
6 3 4990 8283 9129 1174 832 64
89 41 3384 3385 3386 139 989 296
6299 5880 242 807 83 3 2059 644
3 204 934 7 2300 402 897 1799
1 218 6 4172 860 1902 752 1769
3421 10264 1104 1049 265 934 7 3922
363 229 364 25 582 824 766 2038
1532 3603 1609 672 1712 2054 9175 3
1808 3577 517 884 772 2954 773 2072
1384 1395 1406 1417 1428 1436 1437 151
240 864 306 3804 382 3454 93 2169
1127 1128 256 363 229 364 8956 25
11 6 2 1913 56 1168 361 363
7064 7078 3874 3875 64 5543 7167 670
364 25 3 4471 4472 93 7047 14
2395 1956 49 205 2234 890 422 135
290 5995 534 435 446 3411 467 499
4645 423 2310 77 531 5856 2425 563
1477 1478 2416 2417 64 5975 3885 834
11 6 1131 10457 1146 2402 6932 3
325 326 330 331 332 333 334 335
260 281 1469 9613 689 1532 5915 261
7833 4597 4097 3820 290 933 3600 24
8531 4119 4129 640 4503 5192 987 1
5123 6 296 55 3139 1460 20 1646
3333 800 688 140 374 305 379 830
2029 1941 1648 1688 763 2329 363 364
11 11758 1 6 55 1144 13569 5069
3 162 2460 2464 2467 2468 168 2559
435 587 438 446 450 452 1726 869
1143 314 6 1106 824 2037 3 6358
113 114 3460 3810 3405 185 2745 2749
525 1518 526 2283 528 1519 529 2284
1436 1437 1438 1439 3777 282 3865 2109
292 444 6072 3957 6073 3972 3145 1170
158 882 773 2072 1035 371 90 997
1 218 40 6 56 9559 946 3364
5140 1664 1666 14665 1667 4025 1668 3490
591 49 135 423 77 5856 3586 3835
3190 2951 764 10271 1857 3143 5673 2266
993 3 148 8396 8466 3536 3255 1817
2271 1131 650 491 1858 970 260 281
7361 7363 212 5347 7365 4435 7369 942
11 27 6 215 369 3 7 2387
11 1057 1802 1 218 40 6 56
6 138 827 2347 2348 378 10497 587
11 27 1 6 858 753 4190 1770
278 7 85 4368 6177 86 135 423
1754 254 910 1806 25 3517 230 1825
5714 1001 148 1141 292 434 444 787
11 1 218 314 6 2 138 91
11 5 1 218 6 2 253 77
993 541 25 44 83 3 6513 737
3492 56 2072 14 1660 852 8385 644
1888 666 632 1144 5673 514 1130 2080
4648 3 14 113 4637 952 2139 131
3758 723 2389 1169 3701 5113 3702 670
824 230 6705 3484 825 1600 688 232
1655 675 9833 4547 4548 573 5068 11206
2605 7 3189 2075 7581 2243 1054 321
19800 3 7 6631 1053 2300 6727 737
6 14442 825 3979 1019 4474 273 3
3361 3944 1466 4653 827 520 141 142
598 523 1145 5329 1829 12 4616 376
1414 1415 1416 1417 1418 1419 1420 1421
702 2168 2169 2170 2171 2172 1714 2173
487 1 6 747 258 294 3 737
2419 3531 2421 584 815 2093 64 4330
7 205 85 897 86 9591 3150 7451
11 1 6 228 364 25 159 64
5005 855 856 324 325 326 327 329
4966 2877 102 1559 64 5975 4618 670
650 1748 378 3637 7 7573 1956 205
5287 11 4113 4145 603 1 218 6
27 6 138 281 83 3 496 498
4962 6975 55 255 364 582 824 155
2981 3404 2946 15711 135 563 870 871
327 328 329 330 331 332 333 334
2028 357 901 800 1688 747 363 364
4474 3396 5538 2077 672 3649 3650 8266
537 3121 4563 12 4564 4565 3322 4566
3647 4728 158 931 233 367 2873 3140
1 6 555 9 215 761 762 158
10411 1909 4211 4103 41 255 229 25
1774 5932 879 212 87 88 15693 1140
4881 2145 1797 871 144 2018 564 3131
537 2190 997 260 1025 794 2993 2134
777 778 997 691 3658 3141 3659 870
1086 1087 1088 1089 1090 1091 1092 1093
1602 259 158 931 3500 1863 1463 1864
544 4737 516 2276 2278 771 2821 650
2135 3719 5058 812 815 136 438 458
1569 1 40 6 2 753 5271 991
2094 21127 3 9154 8495 10577 8873 7344
11 6 138 8660 584 3652 278 7
6 446 447 450 452 4228 1023 2889
2234 890 10982 3342 897 14157 9304 1086
512 156 232 259 158 237 2277 2821
490 6 1770 666 41 356 1535 540
1688 2871 13919 3992 14254 747 255 910
2941 296 4819 215 2163 1468 1810 90
1805 354 1644 3197 2262 355 3605 687
702 2168 2169 2170 2171 2172 1714 2173
528 1519 504 4768 2285 3521 1136 382
278 934 7 1773 205 7348 9928 17110
1436 1437 2326 3419 4805 554 795 269
2050 784 8763 5592 7048 9562 706 5598
11 1 6 55 21 4774 7 2885
2138 2935 2936 123 2937 124 16 7132
1135 504 1610 64 205 77 148 316
11 40 6 1780 10081 512 1707 12714
103 629 113 116 3788 131 714 2059
106 109 1744 3810 3398 3701 2357 3407
218 6 56 2941 296 4988 2376 762
537 3394 8065 3719 783 672 1772 265
89 271 4286 686 1683 521 522 46
794 829 598 45 523 14672 4516 13842
1743 852 71 423 77 1483 148 4641
6 56 255 512 2952 370 1652 3
986 11 490 11829 6573 4143 640 4871
131 2416 64 5487 5975 1037 4802 563
233 234 235 236 237 90 238 239
11 1177 27 6 784 294 3 49
6 12500 7040 12501 7 2850 205 2232
2985 1 218 6 6343 2026 303 215
1630 1631 1708 234 237 772 2954 90
5044 1541 1065 1544 1545 631 632 1556
3379 3835 9071 1726 3413 869 465 1485
3871 1646 627 2177 254 361 1683 4720
402 13423 14210 19206 15233 897 1140 1529
1146 6929 8259 3 14184 1067 2448 9448
5376 3123 2164 3720 83 3 7033 2450
2932 125 128 3810 3788 7956 5742 714
355 357 1119 255 5742 7920 5084 2457
7 205 5801 4006 8076 1051 1052 11783
5293 5294 2026 5295 4058 5271 4059 1456
1025 15852 272 273 16353 16354 71 77
5100 4833 4834 4835 4836 4837 4838 4839
351 3436 3 2387 148 492 3959 1008
8296 13245 19105 4272 14064 13000 14310 1027
718 904 731 670 71 423 5819 2310
1997 6 90 2886 10495 704 6706 3374
4126 341 4127 4128 4129 4130 4131 4132
3235 104 131 3124 716 3985 64 719
1812 598 2886 12 306 3603 6406 525
8943 8944 1052 3924 3299 737 1141 292
3691 1167 6809 2803 10955 8703 11691 1029
6 2888 2025 5529 2118 3514 2119 2069
338 339 11 621 7973 1 6 7409
12425 5111 7039 1859 702 7050 7051 5875
773 2072 2124 4652 5692 1035 4743 5109
1830 7512 238 1044 239 240 241 3394
2377 5188 46 1751 866 148 5189 5190
364 25 3517 767 257 825 768 2040
858 1862 1593 4156 4157 4158 4159 4160
845 540 25 230 512 231 158 235
17047 1660 292 3409 867 587 1835 3410
400 7700 2846 7706 7707 7708 7711 7712
521 1756 522 777 141 142 4675 4676
987 6 349 83 3 2452 4027 2453
775 520 90 522 3390 44 794 829
555 1644 759 1839 3605 220 4700 3765
520 90 521 522 777 1858 2190 260
46 7 8806 7719 8807 8808 8809 1971
6 1838 1644 3197 357 845 1534 361
6636 5913 7937 1738 1018 303 1644 1765
5 1 218 6 215 1597 1801 578
6 6636 5620 2103 2104 4243 303 55
4969 470 2251 3669 2819 4509 4926 227
1261 1262 1263 1264 1265 1266 1271 1282
1151 815 5554 1481 735 1482 7 77
9612 138 845 762 1121 800 358 2029
215 138 632 3338 1570 71 4479 999
3983 4604 2251 471 3093 4509 2184 3145
8338 11982 11983 3191 3289 3250 8156 206
684 1456 889 1144 83 3 106 28
1270 1271 1272 1273 1274 1275 1276 1277
4836 4837 4838 4839 4840 4841 5101 3212
6 220 2035 364 25 3 2861 9998
3776 278 7 85 6647 18377 6727 13419
1299 1300 1301 1302 1303 1304 1305 1306
9108 9109 2558 2559 2564 2565 9110 2579
795 11 6 5110 4369 3 3374 3375
178 182 185 204 278 2331 7 134
659 6 2 540 3 2854 77 148
27 6 4203 1771 138 1144 18440 83
6 1836 4175 2 18077 5368 3257 303
5531 3473 3694 248 3 2537 6754 9108
15647 5807 3623 3 7 49 3430 316
5004 854 5005 5006 5007 5008 5009 5010
5726 4 218 6 2 55 1144 4594
7227 5572 20265 16140 20266 7228 7564 7229
777 778 6469 142 2403 5029 143 3121
3242 11 27 987 1 218 6 56
11094 3276 1956 8676 3900 3278 3744 205
1864 1865 4512 2270 5679 1709 234 235
5965 7117 94 4851 7118 4475 7119 7120
4068 4091 135 531 24 563 312 3956
3103 3959 2018 1566 4970 1816 3631 2185
626 686 2442 2259 1460 687 4577 357
1898 3091 1769 818 1908 4194 3543 821
5584 507 4416 340 804 11 987 1
1536 25 512 1694 1695 1696 1697 1698
3045 292 438 16926 448 4581 450 455
12765 3820 2064 424 148 3132 3615 266
6464 17928 1928 16469 17929 16978 6219 3631
87 2864 2866 4489 214 1868 421 71
1362 1373 1384 1395 1406 1417 1436 1437
138 747 4946 2038 257 155 365 741
11 1 6 993 2136 306 3 16495
5578 5579 88 2075 2243 2868 2869 321
1899 1900 752 1769 303 1941 90 2403
515 772 3388 2280 3 8359 5014 1714
4404 5901 4405 10927 9696 4406 6045 10928
491 90 382 83 3 13956 398 7
6 253 4442 1837 1838 1644 3 148
2284 1166 3141 708 1612 4599 290 737
1536 254 361 221 1568 1690 2034 2264
6 1457 555 303 686 1839 687 3118
4175 1908 1770 14402 6990 347 4204 1917
3583 965 64 5976 1833 3405 7 9682
4597 866 13054 7836 8733 1614 1077 7400
3142 1839 1680 1686 255 155 1825 231
11234 3583 6336 965 4323 4324 5751 7919
379 2285 6973 3225 3227 1471 5234 5057
41 3895 5657 683 5294 5295 2027 9383
3 7 205 1051 1052 11179 14809 87
278 7 8515 4016 402 897 87 916
232 2045 158 233 368 513 1605 2952
332 333 334 338 339 5527 10455 4987
3 1772 934 28 7 32 2234 897
452 3727 786 585 6885 1023 3103 2286
3 278 7 890 1774 134 1140 77
2121 4442 10023 686 1839 5624 20 230
1196 1197 1198 1199 1200 1201 1202 11
1432 1433 1434 1435 6010 11 2009 1
1437 11 1 218 6 56 138 1144
1455 347 56 6528 2027 1780 684 1456
880 27 281 44 378 18 3807 7
345 5128 346 348 2117 1741 3359 4213
296 3692 4962 747 230 241 11283 3
11 1777 218 6 7888 357 25 5188
3143 378 2049 5483 1149 64 3814 670
5094 4376 4832 5095 5096 5097 5098 5099
1249 1250 1251 1252 1253 1254 1255 1256
5385 4068 7 2232 87 4238 1822 2064
354 3197 2442 759 1839 11700 220 356
229 230 741 156 688 232 1601 233
28 7 32 2847 3422 5852 5853 4791
260 1044 3391 2398 689 375 1795 2134
3087 64 718 7186 77 312 148 6715
1439 11 928 27 218 6 15015 5102
1864 1865 3458 2270 1709 234 235 236
351 5529 5102 1851 3139 254 1690 230
815 644 64 23 719 5754 3766 4068
801 1 2024 314 1182 6 14307 347
1626 56 215 14228 2124 1035 64 737
332 333 334 335 336 337 338 339
6 3 5509 734 7 205 2817 2228
1693 824 764 766 1515 2039 155 1857
58 598 45 523 1024 4616 2993 376
262 504 294 83 3 2173 7098 1611
7 32 2443 6047 4791 11402 1155 891
6 1677 247 632 12894 3 10647 77
357 1462 1121 1686 910 5545 7465 1127
10808 4238 5609 3002 18354 7271 1822 4356
4360 1829 106 1660 723 7 4361 87
1702 1703 930 2045 1631 1707 158 233
527 528 1519 530 2160 5389 148 472
15861 15658 3741 6116 8797 16022 3612 14
1864 1865 3187 1131 306 3 7 136
1 648 218 6 3 584 893 4050
7218 12775 135 423 1483 3102 1843 3821
4789 3955 3405 1482 934 28 7415 7
1181 273 559 135 452 465 2334 7540
292 444 6072 3957 6073 3972 3145 1170
231 1700 1600 1628 1807 688 232 1601
1838 354 220 687 154 1119 540 800
5102 20 3337 845 579 2265 825 259
247 7297 7 6398 5177 2373 1529 321
987 1 218 660 6 1888 4000 3
2037 10271 766 6705 12708 3499 767 2872
4495 342 1457 38 491 827 2134 504
6 215 1981 1030 504 3 434 18649
689 263 14661 3 77 148 438 446
4744 1019 372 3436 140 5694 90 521
249 1845 1037 3638 148 2822 266 472
775 491 776 1132 781 537 1025 58
159 2201 1845 4566 2094 1772 265 7
11 6 4440 1941 254 361 1683 1124
10661 10662 10663 125 735 3820 737 534
9109 2585 2592 2596 13595 13596 2610 2669
364 25 582 230 2377 155 768 232
1697 1698 1627 1699 1112 231 1700 1628
10161 6592 4876 5342 6839 6405 10646 4877
314 6 1018 863 1131 519 2276 2124
445 446 447 457 458 466 73 482
4005 303 514 5690 45 1829 12 2993
4109 1 218 6 9382 3363 4005 303
525 526 2283 528 529 2284 273 16789
817 3156 3243 6430 3212 4506 2152 3419
303 220 541 1941 254 361 1682 1685
1519 529 1135 530 2284 1166 2160 3804
4090 14 4475 95 9759 10402 3420 3489
744 1655 3075 467 494 870 2332 4981
1 218 6 1603 56 555 303 5102
10697 10698 10699 6914 7992 7993 10700 5822
1094 1095 1096 1097 1978 211 12605 9938
4134 4144 4147 603 6213 8325 27 1
1605 235 3187 537 45 1133 588 10052
7940 6638 5499 7941 14185 5500 3 64
1702 1703 1704 1705 1629 1706 1630 1631
363 3 8650 14 7118 4523 3489 97
64 205 148 482 4640 4641 2303 4078
953 3810 713 4774 2221 7 5142 3638
1525 11 6 20251 3 7 71 2310
139 7526 20 491 1810 372 281 4584
3 64 13720 3885 4952 670 633 916
4003 2817 4792 276 6870 897 2387 321
6578 915 865 831 5732 832 3374 98
138 1144 1765 504 6320 1748 1570 273
869 461 465 9011 573 2332 871 4981
610 6138 7203 7204 7206 7207 6552 7208
3736 2954 3388 2974 2280 2124 774 2281
339 1194 1195 1196 1197 1198 1225 1236
7783 7784 7785 7786 1995 7787 7788 6402
491 827 4507 504 14466 379 2285 784
3276 1956 49 2801 4382 4383 1495 4384
21 83 265 1138 205 1052 87 5579
1900 56 254 361 221 3992 255 766
6 2125 1146 2402 7 2387 5178 321
4140 4141 3513 3089 7250 7775 1569 1997
135 2425 424 148 438 442 445 446
8186 2027 232 1520 3 1049 265 77
7077 7078 7079 3874 3731 7081 2182 7083
10642 9667 10643 10644 3531 9249 3699 815
1254 1255 1256 4842 1257 4843 4844 4845
64 4068 5378 848 7881 1612 1671 1672
28 7 5824 2393 1931 2226 32 85
1063 11 1 40 6 2 11270 138
2070 4345 1462 1981 763 364 582 1649
5916 14500 866 563 148 2303 494 14501
14 629 3613 4042 112 114 4321 118
7310 7311 7312 7313 215 650 2122 379
5430 9262 5941 11471 21082 735 610 7203
233 2873 368 1463 1864 1865 3458 1709
1019 2083 90 521 1756 522 777 142
2863 737 148 2196 916 870 2333 871
1686 9283 1648 6563 1514 5369 1113 2042
3342 10041 2300 14076 10798 15811 897 86
4988 548 4692 747 229 582 1601 2045
3230 5874 273 3 3405 531 6904 5999
3262 3192 5018 2454 11401 4090 832 709
1214 1225 1236 1257 1362 1395 1406 1417
3 1138 7 18648 5351 10610 9303 9994
15651 3 64 4952 834 2220 718 737
573 870 9969 3103 2018 3416 3972 3145
6 555 10311 15097 2893 15098 9294 9295
1916 4231 2103 303 55 1690 2035 229
27 6 215 247 138 2163 775 776
205 4361 85 86 11478 13337 12618 13338
11 4 27 6 345 1770 6737 1025
11 27 648 6 3515 12460 3 7
3551 11561 1629 930 5677 1602 3647 259
4595 4479 135 7830 736 6784 11912 11914
3323 9458 455 5715 869 461 462 464
4838 4839 4840 4841 5101 11 1 218
3922 250 1499 3285 1500 205 11009 11146
201 204 278 1138 5799 7 9972 6980
6 1991 2843 215 688 3952 829 2133
5967 62 6986 4324 814 904 2389 726
148 4216 4217 1725 587 438 445 744
215 8047 1800 4699 504 4767 83 3
3 278 7 11842 5178 2373 321 737
897 1978 211 3423 1775 87 214 1868
987 1 218 6 2131 1756 142 273
2377 155 1857 2041 512 1694 1696 231
1456 215 138 1686 582 155 1857 1807
1458 138 233 2952 235 236 2953 1808
772 776 1132 90 142 3 1141 8188
5374 2024 314 6 3385 4058 3258 1132
27 987 6 7984 351 303 2132 90
260 1025 1044 46 379 1654 737 148
1810 240 241 3394 2134 242 2105 83
11930 3702 7 7523 1956 205 312 438
11 27 6 1751 93 4990 10000 6818
7 2847 1958 1575 2396 2234 1774 2239
6 20251 3 7 71 2310 999 1000
13417 11950 285 8772 13418 204 934 7
8076 8941 8942 8943 8944 1052 2812 2234
1464 237 773 650 2122 2123 2125 2126
151 554 340 11 4 27 1 218
2952 3 28 7 32 3422 4791 135
1138 934 7 5978 49 1496 1773 205
2339 1733 3076 3077 3078 3079 3080 1734
1362 1373 1384 1395 1406 1436 1437 1440
1646 5653 2177 604 539 540 800 1686
706 812 7101 709 628 397 105 629
4361 10330 1504 1505 5894 1506 6523 10923
7098 6965 7099 7100 4609 4610 7101 1611
1912 1741 56 5657 139 555 5375 7939
218 6 1803 344 6742 2888 475 3664
5685 2274 4735 882 2435 2971 4736 515
2821 772 1030 971 598 1133 2942 2887
11 4 2309 218 6 64 148 316
6 857 4168 1913 944 3385 296 5044
5014 6119 701 5016 3486 2168 2170 4629
3305 8181 3 3698 423 148 3045 448
6 4961 2118 2119 901 2155 1605 3120
332 333 334 335 336 337 338 339
3815 3816 3817 2423 731 2424 2982 3818
491 140 90 522 141 5242 1532 842
6 55 1605 380 2047 1757 23 8783
3492 5241 2342 215 9925 1800 4304 2844
4068 7172 4312 723 2370 2371 552 670
359 255 1691 2035 229 1987 6448 6446
2233 1051 1052 2234 4401 4402 4403 3292
3200 6457 9800 11357 833 644 64 2371
1862 2176 8711 3790 1455 56 349 2026
2162 356 687 822 845 21 1646 1536
435 2990 2143 446 448 4581 449 451
3257 545 1128 364 513 1463 2270 3607
158 2952 772 1858 969 260 598 588
883 2275 773 650 2122 2123 2126 2127
756 759 1839 220 6536 357 154 14466
512 233 1863 2270 234 235 1464 237
258 3143 5673 3511 768 741 2040 5188
3394 375 2134 2135 3719 261 3520 2137
370 1607 1131 2272 2273 1808 4737 516
255 910 2263 5545 581 2035 1127 5669
5101 506 1305 1327 1338 1344 1351 1362
522 777 829 238 1044 2398 1469 3519
6 13452 138 1065 1553 889 631 632
1052 11112 9930 9192 16931 6291 14810 8338
3261 6052 8551 7958 6289 8922 2815 15961
14342 7406 877 5063 8273 2334 838 2335
2289 555 556 5375 7522 991 9 4988
3512 369 3120 4512 234 235 1464 236
5675 231 232 259 3140 1026 513 1605
1380 1381 1382 1383 1385 1386 1387 1388
259 158 1651 367 1863 3512 3458 234
2262 759 220 20 153 357 845 762
422 71 999 77 737 148 434 438
89 950 10224 1848 5223 5018 71 999
1435 11 490 987 218 161 40 1143
185 204 7415 7 7416 400 2852 1575
155 2044 514 1517 1808 4737 516 3736
1838 154 1765 762 358 1536 823 1686
97 99 397 102 103 1716 104 105
292 6344 435 438 458 465 468 5716
2367 2368 2416 2417 584 644 64 730
721 5652 135 563 662 136 1101 148
135 423 77 5011 148 438 1002 6716
89 555 556 557 241 3 558 102
970 260 1025 58 3607 829 598 45
11 4 1 218 6 990 3693 1851
2475 2476 2477 169 170 2478 2479 2480
4634 6302 3460 126 7134 3474 7135 3954
259 2952 1988 4512 1464 236 5680 237
6 17749 17750 734 4050 7 3905 1496
1430 1431 1432 1433 1434 1435 1436 1437
800 1686 155 232 827 3390 997 260
1908 4194 3543 821 3492 1770 8923 1913
2426 437 438 9063 9065 2990 5012 440
4336 378 273 83 2168 278 7 85
71 135 423 77 290 24 1077 633
379 3 6119 719 71 135 999 77
27 6 278 7 2815 87 6541 88
6943 4991 1959 3671 3327 3328 3329 1960
11556 9575 3209 8773 16256 10704 16257 3210
303 215 55 2163 5045 3762 374 242
10700 5822 10701 6915 4415 212 7446 5347
537 2190 970 523 672 3123 4369 3
2058 6233 961 8379 11548 2879 2386 64
720 721 1037 7173 723 670 4593 77
1742 77 15605 1076 1614 451 13490 492
2371 3700 6459 1169 5976 726 3701 1588
3437 12479 3 2448 7098 708 13409 1611
303 5241 2342 8020 11432 7310 6152 2831
432 867 3238 434 435 436 587 437
293 6 2 10766 5435 2329 4980 2377
69 11 640 987 218 40 314 6
5698 14132 8650 97 4321 115 125 1049
2408 5975 1481 1037 5425 11870 11871 866
1437 11 218 6 303 253 747 2158
2968 2145 494 9146 6974 2333 3092 871
3719 3370 8916 17111 17112 312 667 428
540 1536 2155 4756 2047 13314 10667 100
1431 1432 1433 1434 1435 3864 3777 282
11408 11409 11410 3170 3171 3172 3173 4792
1 218 314 6 138 1144 588 12
1824 364 25 582 230 765 2037 155
21 5665 1534 3871 228 5653 1841 2177
69 145 489 1 6 1741 9691 1144
1321 1322 1323 1324 1325 1326 1328 1329
1912 1771 378 83 3 3613 7 890
1986 229 364 25 650 17822 17823 17824
314 6 139 5044 90 521 3473 248
632 1838 1644 356 1765 5663 901 21
5900 8158 2817 5901 11984 4405 13213 4406
2043 259 4728 931 3140 1026 513 4729
10647 10795 10306 8113 2300 8114 6606 7981
1381 1382 1383 1385 1386 1387 1388 1389
11 27 6 56 152 7 276 3351
1541 1065 1544 1545 1554 631 632 1556
3885 2389 3404 670 18638 19114 135 423
2395 1956 51 205 11478 87 1980 11554
1981 1536 747 910 7465 1132 781 1858
2456 7166 7167 3345 6071 719 7170 3766
55 1808 5690 883 2954 14 1743 109
1049 265 981 398 7 399 400 2847
631 1144 21 1534 579 5666 1941 361
1807 232 2044 259 158 514 1808 3577
723 2389 725 5976 726 835 3701 1588
5370 514 1034 994 1468 1810 1132 140
5281 3272 3273 5282 3274 5283 1956 5284
10848 7538 64 6413 834 2220 904 6459
2265 2037 825 1034 2274 1035 1132 58
3 204 934 398 7 399 400 2232
7 2850 1958 206 13240 211 3126 8830
1660 5027 64 7 276 1155 897 87
11 27 6 215 205 8099 8100 4378
5940 64 3835 1141 434 786 455 492
218 6 1862 2176 1592 1892 1898 1899
1437 3864 3865 2109 3867 3868 2115 2116
4685 3692 3693 4962 303 686 762 229
1648 3190 155 368 1709 4336 1019 521
27 1 6 686 3 7 87 4238
4841 5101 1184 1185 1186 1187 1188 1189
659 661 665 6 361 1808 521 2050
3156 269 11 987 218 6 12675 303
643 6 7 978 2143 446 585 1023
8667 9268 2457 7222 7223 7226 5572 7228
15092 3530 6283 10461 8894 12866 4772 4773
11 1 6 3869 19991 3 8805 836
230 140 537 5054 3804 1470 3225 784
17192 3 5594 702 10012 1149 98 114
4335 747 763 256 3516 364 25 155
6 4442 863 46 379 83 3 1772
2412 815 834 718 729 3405 135 423
43 281 1025 58 598 3394 1532 842
3140 1026 513 1863 1988 2269 1463 1864
5958 3666 1711 2052 381 3850 3803 5536
722 723 724 552 725 726 727 728
3143 5673 768 365 5674 5188 2266 797
3543 4196 56 861 303 687 357 154
1396 1397 1398 1406 1417 1428 1436 1437
6052 15961 12580 5898 7354 206 4403 5930
155 1857 768 741 797 156 688 2043
7365 7366 4435 7367 7368 7369 87 4238
8361 5553 7086 831 2298 4043 1743 109
1610 3 14 97 98 397 104 559
1436 1437 6892 6010 1871 11 1 218
5055 4663 2164 4629 131 132 2979 3583
203 204 7 10610 1090 1091 1092 211
1086 1973 1974 1975 7424 7425 7426 1977
3894 11 4 70 218 6 1462 1119
1030 773 2124 1035 775 6333 776 3979
83 3398 10848 7538 64 6413 834 2220
14284 2977 3262 87 71 135 423 999
1743 109 6173 852 2916 1718 126 130
10127 8935 284 192 10609 7346 15929 8189
14834 6 13452 138 1065 1553 889 631
359 4714 1536 360 541 1983 1984 8528
706 1149 866 136 1101 148 2428 2332
13753 582 3517 766 1825 258 46 379
1515 6705 3499 767 2872 3484 2039 1516
2072 2942 588 241 306 504 378 91
12613 10386 10097 5760 6405 4877 13461 13462
8929 6241 7493 10468 5970 2945 1175 5749
1 2085 40 3180 6 2 273 83
11 1180 1 218 6 2026 4059 230
845 21 4335 1648 5677 158 1464 772
11689 8151 11094 2395 11646 11767 3627 1955
27 40 665 6 56 215 993 1118
1 6 12929 3543 4204 3111 4646 1913
1643 1800 1030 2130 1526 83 49 1868
6711 3155 151 2020 269 11 3357 218
2877 715 62 3985 2364 4617 3583 5243
4859 4926 3961 1816 1486 4927 4928 4929
1437 151 11 680 27 1 218 6
4616 1531 9635 3144 2943 9406 8096 1044
783 5698 8857 17940 16055 14051 2216 2199
761 762 21 1536 364 25 764 1515
2012 1643 297 548 303 1754 354 1644
1 6 17172 8426 5946 5948 1890 4172
4577 357 845 762 3118 5653 579 539
3359 253 1805 1754 354 3197 2257 2260
3577 771 2072 650 2125 1810 2132 520
1321 1322 1323 1324 1325 1326 1328 1329
1241 1242 1243 1244 1245 1246 1247 1248
2403 3437 3 2416 573 916 564 3131
1420 1421 1422 1423 1424 1425 1426 1427
12769 14987 987 218 6 2329 2044 930
1607 1808 3577 1132 9929 90 141 59
1808 516 884 1030 4674 1468 491 1132
6 5340 305 261 11788 815 4776 278
3113 2015 5705 6499 6500 2093 644 64
3394 8327 504 378 273 3045 292 4581
2850 4331 1029 51 2851 3905 1496 1773
6 946 3333 83 7 3724 2990 446
1069 628 97 64 3402 4779 6598 6599
334 335 336 337 338 339 11 6
