284 63 212 414 197 146 592 470
604 266 209 690 18 1431 160 52
39 272 8 1378 18 11 2588 21
17 347 74 1949 186 71 290 281
1165 71 8 1263 14 134 18 8
103 3917 181 71 3932 8 780 299
932 2013 102 941 14 2348 25 21
92 266 265 4166 262 151 3 8
24 1349 20 8 690 18 54 989
21 4037 8 962 292 122 6308 4940
1153 71 8 4235 18 8 145 18
7234 2560 7505 8645 8646 14 617 219
71 53 8 145 18 409 193 21
1735 29 4535 17 8 1025 17 1180
290 13 71 66 586 18 318 3
18 870 29 74 206 20 1186 470
586 18 29 29 197 17 40 3406
312 96 8 2672 12 3694 71 290
1 1 388 1035 414 17 29 18
53 583 478 584 585 586 18 33
14 4604 71 341 8 1913 1829 101
738 292 8 2376 3712 14 4235 18
188 186 21 4924 721 8 2129 316
632 30 17 18 8 2672 18 174
52 224 707 759 224 188 39 1402
245 3 1489 586 8 1206 71 4052
265 5964 71 2952 30 265 17 3442
30 17 500 3 227 187 29 8
3 750 258 18 227 2801 1074 219
52 18 1204 71 4114 878 292 347
1205 71 3772 40 146 183 3508 147
355 263 1075 3 318 265 2211 14
175 8087 20 3206 21 73 39 410
6316 14 813 71 8 6317 18 227
266 51 146 21 934 18 1285 1221
71 4716 299 8 398 18 8 2353
8 1165 918 71 2952 8 145 18
1025 487 125 212 3773 39 545 8
103 8 84 47 21 8 6445 18
14 5010 71 8 3300 759 17 8
571 14 1158 212 484 31 290 2490
160 369 71 63 212 23 1861 292
212 8635 18 347 23 7122 39 26
50 290 3934 3 2567 212 3935 3936
11 632 124 1218 39 8 145 18
2221 18 2376 272 8 855 102 1832
315 1323 586 3 8 1000 18 209
71 290 2138 1383 5823 71 144 14
14 7258 40 2628 18 8 644 40
18 318 227 5342 80 30 17 1018
8 3875 1316 2517 14 4968 2957 8
29 265 147 1788 122 1842 14 122
1 1 460 145 405 14 5280 63
14 3725 21 314 92 831 1165 71
212 2015 13 18 917 1260 71 6870
96 160 811 71 812 813 3 8
124 284 23 3512 5709 7451 5710 8197
7608 14 235 63 40 3726 19 103
4477 318 117 224 20 637 20 211
292 1680 29 219 160 145 92 467
71 8 294 14 692 6548 206 124
470 591 101 40 482 4646 96 1366
18 227 319 430 39 18 8 1784
18 5711 14 1402 989 18 4971 14
40 4825 19 4993 103 8 106 18
293 1599 96 17 52 71 1419 3
3520 8 3521 8 3406 8 1244 8
31 290 347 501 13 18 40 493
1762 8 1155 265 1763 71 1285 1764
18 8 2221 18 2035 225 18 8
381 8 3042 30 487 52 1029 290
39 4409 30 40 6251 18 206 21
1022 759 5005 122 905 759 8 8168
1319 586 18 293 143 14 1320 169
945 292 138 30 592 395 399 262
107 1993 988 210 92 20 8 591
18 209 206 138 51 1979 51 1979
1579 21 224 92 40 339 1673 206
14 8817 381 8 8818 18 4930 71
388 934 682 17 351 73 124 1388
17 3442 71 263 306 17 52 3442
20 175 211 175 4086 175 63 811
265 52 197 20 199 3454 344 3
21 284 934 581 29 604 4363 266
122 1895 20 17 1422 3 5836 1
206 29 63 212 152 2913 64 219
8002 21 122 1693 8391 8392 175 63
50 290 4920 3 8 188 161 122
36 391 143 532 146 14 868 124
641 20 896 8 1310 18 54 891
8 2483 18 11 14 71 2720 227
14 2013 206 71 2728 30 20 234
27 54 23 6467 18 38 96 117
759 17 197 40 1368 2353 29 12
3 153 3772 263 567 71 8 3300
1909 18 8 940 312 18 206 21
21 227 102 478 39 1181 103 557
3383 18 154 14 3701 29 17 71
219 290 3761 29 32 206 71 584
1755 71 125 64 265 592 40 147
36 54 284 24 124 377 25 2377
101 117 8547 17 3442 71 2952 117
73 17 40 1421 1280 2304 3 29
2743 761 18 9388 9389 14 8 6025
17 332 14 333 21 8 1259 14
290 316 278 759 316 270 212 591
8646 14 8645 877 1155 981 292 30
21 224 707 102 92 152 29 592
26 4775 2228 52 292 29 2280 18
51 125 313 227 314 315 80 71
299 128 92 1214 14 18 4723 299
1 1 1 1 1 1 1 1
8 930 2672 18 3110 124 52 715
5032 122 5033 14 71 290 122 5034
18 40 7792 4304 40 1776 6210 103
1599 632 2419 318 29 8 2998 18
14 617 219 29 63 3549 877 1155
160 3736 494 680 103 227 5551 299
8 4106 14 21 4116 350 8 1526
792 335 4903 14 54 26 17 5821
188 186 29 17 71 53 299 8
1239 568 8 378 96 504 30 17
1550 18 159 478 96 17 1 1
608 14 8 1933 14 284 1402 2983
6887 2687 39 8249 29 17 2677 8
811 307 212 746 186 39 810 306
29 2085 71 1263 14 2076 18 96
5998 9 1025 8 4533 18 8 635
934 14 312 29 8963 270 71 1879
265 263 14 8 439 1750 21 122
29 50 859 71 307 29 17 71
3832 306 29 75 71 5401 8 870
8523 14 175 893 52 39 265 231
160 5008 632 515 3275 30 350 21
17 71 53 74 20 11 810 4905
1505 14 547 348 96 602 290 4792
40 1767 3 8 5258 18 8 4766
40 2992 18 5161 14 2927 40 6360
103 1501 18 1162 71 176 96 543
1 1 1 365 7924 1 1 1
11 1232 8957 71 8958 299 2667 14
1362 996 292 23 1759 21 138 8
71 211 887 71 8 6858 1270 600
2738 30 436 212 19 20 175 63
36 8 285 18 296 174 17 18
29 124 5355 14 50 4328 14 4326
8791 29 147 63 30 71 1047 292
493 29 61 52 377 584 262 311
318 3 660 516 92 737 14 8
18 8249 2892 8 8249 18 8 5935
1285 3825 436 30 343 290 21 8
9284 14 8 3855 876 3 647 18
1792 3834 92 52 343 290 3804 3
31 227 882 214 883 71 40 746
3387 39 8 905 179 75 399 292
934 20 1320 164 63 21 318 212
21 4438 4439 50 290 4058 52 306
263 17 52 71 211 307 40 905
6856 71 318 20 316 3762 219 487
2479 14 259 18 462 206 12 3367
1595 2330 2331 124 335 243 39 21
1599 263 530 293 1908 71 11 14
39 234 8 4316 290 71 224 18
5076 96 75 27 39 103 40 604
4313 6555 14 3949 219 125 124 52
20 836 25 22 941 18 2164 21
214 7363 21 928 319 1933 20 1025
7109 20 30 75 14 8 2581 274
50 161 8 7183 1181 20 219 858
14 1799 685 169 71 2584 293 3121
92 21 128 92 45 74 493 20
310 162 197 124 8 934 18 5052
5451 685 8 7970 18 307 29 17
234 197 160 219 235 63 395 634
71 53 18 8 1014 861 18 8
19 29 1893 71 146 1019 103 8
5952 1232 602 290 2138 147 5953 3363
3749 11 29 340 1103 212 591 5031
21 8 731 18 11 39 3 224
502 29 21 8 174 18 19 51
1913 3383 227 777 272 8 3384 29
347 23 8189 92 6330 18 870 579
6245 20 266 206 124 505 71 290
52 4044 8339 21 3508 905 14 50
30 4510 8 4475 306 197 214 212
71 8 123 18 40 5530 1232 3
25 165 21 224 707 17 90 40
8 1184 18 8 393 3372 3874 8
292 3268 199 591 18 347 3726 19
587 18 1957 587 18 1938 14 1975
122 312 92 292 8 2757 18 307
71 4447 8 870 21 1263 161 3242
20 265 3910 600 438 332 21 122
33 868 181 18 3319 14 18 2595
29 8 664 8 604 17 568 8
2483 14 5066 381 7953 2400 8 5511
40 19 21 4813 14 18 591 101
8 205 18 8 2659 568 138 8
36 388 4091 18 8 6985 8 4533
918 14 30 17 123 52 71 32
21 1367 18 54 96 164 30 17
29 4030 30 18 2171 278 71 63
18 8024 227 7678 39 27 103 792
20 266 219 53 1834 17 8 400
29 3401 38 96 75 1082 3 8
19 2991 14 54 23 206 29 63
80 8 6974 92 6980 318 262 26
29 63 4500 71 256 14 2720 206
3826 316 8 1207 18 122 319 152
164 299 8 89 186 18 122 4918
16 759 21 8 16 71 323 492
40 4741 14 33 6940 71 3778 71
262 8 16 23 206 124 71 1474
75 52 345 103 307 832 21 8
8 174 18 5541 14 8 469 1064
40 494 8189 1608 274 175 125 71
8 7264 18 8 3734 29 17 175
299 4075 1526 92 4076 18 4077 92
227 2365 160 90 7395 2659 20 17
14 29 75 351 84 1251 14 2994
161 1293 40 493 25 9251 14 2460
71 53 545 318 29 846 52 21
2376 20 2957 4074 4337 4336 4335 3554
52 71 1520 58 3 227 319 6593
8 102 1838 80 21 8 2673 50
3437 18 8 604 71 323 25 29
29 17 71 53 74 40 224 20
14 21 733 14 315 21 89 769
1 1 2509 50 497 2550 71 45
75 6254 265 2446 52 122 3219 265
591 14 45 18 645 1373 8 1374
319 1246 1163 292 40 332 14 6760
310 8 126 50 290 505 18 8
50 3917 33 868 181 18 3319 14
234 265 290 40 19 104 679 12
46 7297 14 20 30 160 8 7312
8 152 188 96 17 33 303 357
581 9152 152 508 219 63 1188 71
4533 18 8 635 11 96 175 505
8 4128 18 8 1014 3169 20 17
545 169 3 138 51 124 71 290
310 632 265 29 530 40 3734 299
19 17 199 6187 3 8 707 604
8 410 16 293 1599 6811 7162 2483
96 836 395 1082 75 614 604 568
18 868 1622 571 40 1623 18 293
3 8 4350 14 4351 18 1399 1732
1 1066 5264 5270 45 124 4600 14
63 395 1205 71 7603 318 414 71
18 8 2690 75 52 2671 39 1788
6648 206 74 20 3692 8 1484 306
193 290 4936 92 3146 8 5126 17
145 17 8 193 197 290 212 23
436 74 2348 343 245 290 981 292
1325 3 96 206 231 140 307 266
30 17 1018 29 8 5451 18 8
381 122 1673 932 918 1479 71 8
480 124 2005 1447 14 50 290 811
8 2221 51 810 18 2110 92 2214
8 1025 54 23 3987 8397 899 212
14 71 8746 14 2208 8 780 271
96 543 14 64 30 17 1422 29
103 181 7828 14 2353 124 8 126
8 357 18 1025 96 17 52 29
2672 3 8 187 18 225 124 3
18 19 71 290 3422 262 8 1062
2707 307 14 8 398 18 8 3814
71 290 2148 14 291 21 3342 3
8 16 20 637 20 122 628 14
14 23 4077 14 184 96 206 292
6246 71 30 92 40 414 492 206
18 30 14 632 602 3363 30 14
122 102 186 39 29 30 3371 8
18 8036 8 2690 3389 4625 4306 21
1214 40 567 299 600 2782 92 541
40 785 18 1526 71 290 4710 71
18 153 1393 2227 8 2672 18 174
8 23 80 436 30 17 2477 30
3579 209 205 306 124 6858 29 17
219 231 651 8 3689 3690 14 29
934 96 50 290 1135 21 129 24
3 122 319 187 265 17 27 272
96 1764 1260 3338 206 63 8 3265
1338 40 19 234 30 160 496 17
391 51 221 29 3790 75 791 18
142 8 4018 18 11 2746 71 8
6892 18 5084 310 2668 4184 510 8
122 1712 71 8 2483 5129 265 2775
8 2430 18 8 411 21 8 558
318 307 976 17 212 345 178 14
478 14 632 124 52 849 52 849
29 12 3378 612 8 707 18 40
214 3353 14 71 32 206 1814 8
4533 7354 14 8 707 4512 3 8
576 577 578 579 30 290 52 45
1263 97 30 290 1422 558 17 52
107 17 245 21 224 19 92 21
750 1019 21 40 771 391 14 5419
92 3896 71 747 8 210 18 54
29 2419 318 64 145 11 2996 318
1959 71 1263 14 632 1165 71 8
3 8 484 18 8 24 51 479
211 175 4086 175 63 811 175 63
71 2484 318 71 122 3355 92 8153
1955 39 40 1240 18 857 14 996
8 688 3734 810 395 6495 798 3
350 8 1526 97 30 290 52 1703
1881 14 8 824 17 11 8 543
941 18 293 2943 14 284 1799 3
17 712 908 14 1632 2534 18 212
8 541 18 40 2992 14 26 17
188 4620 2655 54 8 4775 71 29
71 6247 14 21 284 696 71 6248
1 6249 5164 17 266 40 19 17
1741 52 401 3620 39 80 219 124
647 18 8 126 2015 18 917 71
124 8 145 18 174 4422 1263 103
8 537 18 888 18 889 18 890
63 905 71 211 29 96 219 63
209 29 63 395 6348 3 30 30
4625 4940 1879 4105 1435 30 307 8112
8 1207 18 122 319 8493 14 17
3 8 4620 18 2345 562 7468 3
1642 1 1 1 1 1 1 1
63 212 3378 612 1056 899 39 124
343 290 6068 3 3937 8 186 18
1022 18 3779 3569 8 4577 18 8
989 18 209 206 96 8 629 90
29 4433 5705 405 5514 2448 29 8
756 8 210 29 63 395 103 29
92 293 1599 263 810 7040 347 18
8845 318 20 8 224 4903 25 61
103 3508 2487 29 17 71 53 103
4720 124 27 54 209 29 63 187
71 225 299 22 934 935 470 230
2640 381 14 1024 71 1894 103 8
126 604 759 29 988 92 591 24
2658 3 8 403 18 2667 8 5107
1067 292 11 3985 21 3268 71 3231
124 52 71 846 265 75 245 842
3271 274 52 7910 2227 8 2343 18
5179 124 1673 210 14 567 71 290
5421 3 307 138 11 12 163 21
21 26 1757 839 25 27 8 905
537 20 941 18 1214 14 47 18
227 4496 29 17 8 4496 18 8
8 73 159 266 8 3540 186 597
21 186 51 1214 1210 52 39 2435
197 40 186 163 779 71 4146 209
8 1214 1144 3212 71 293 3472 6515
206 124 21 29 898 1376 101 2480
265 1769 30 17 45 2343 96 1279
584 292 224 4775 262 225 316 787
24 29 71 8 4160 18 40 89
219 323 52 262 8 665 18 209
92 919 71 539 591 4626 18 29
1 1 1 310 600 145 4440 21
3688 299 11 14 8 7848 18 122
197 50 859 40 1693 758 8 2250
290 7523 292 3953 17 71 290 7523
521 14 3044 1033 71 1677 8 1108
1411 29 260 810 8 107 18 8
18 40 1396 1103 290 1376 71 988
212 591 39 3 8 690 306 71
265 5109 8 3832 71 1561 8 6920
1 1 1 1 1 1 1 1
102 103 206 161 224 14 8 126
26 316 5655 23 146 101 8 147
124 71 290 885 29 219 918 52
14 299 1855 146 3030 8 1062 14
4183 4663 263 234 265 31 299 122
32 29 6766 14 7795 18 2352 161
18 3953 17 2201 71 8 5237 18
40 98 20 266 40 19 2499 224
14 71 2720 318 3 122 357 71
8861 810 1861 30 738 292 227 129
357 20 33 1088 71 1713 4587 8
1 1 1 1 1 1 1 1
535 29 266 265 1769 265 12 30
292 263 21 129 14 4539 54 8
2957 14 4074 14 23 2360 18 1262
2776 39 18 1222 14 96 17 591
74 20 17 21 212 635 937 39
8 3477 18 3508 870 262 8 4125
1244 71 96 54 23 2818 124 567
103 40 516 20 52 836 637 1050
4488 18 74 40 73 343 290 33
265 810 395 3239 71 63 122 934
8 162 6057 21 8 4874 18 193
1017 7331 14 5055 103 8 86 208
8 2658 14 612 74 18 23 3079
4437 510 96 117 577 2504 3465 40
18 8 2589 18 11 14 2927 209
586 18 1270 175 147 81 218 266
4490 92 4489 8 126 761 125 632
18 8 4737 14 71 138 1293 1861
8 4018 18 8 2483 18 11 71
199 18 186 7273 580 175 810 395
27 227 319 1162 3 8 731 18
602 290 76 29 265 818 347 905
175 147 211 71 5091 18 8 1365
204 18 23 205 101 209 21 8
11 20 266 30 7099 7100 7101 7102
14 632 22 696 8 2072 17 2756
11 8 162 18 54 1062 1191 292
54 24 468 758 8 2376 18 29
21 204 14 71 678 227 5914 21
391 266 51 235 683 8 493 435
18 7091 219 7515 52 80 2952 307
306 8 188 290 265 224 19 20
227 319 2403 92 3 8 2389 18
96 51 124 1357 71 1314 71 225
7523 7423 8 4378 707 40 6152 18
18 54 318 29 818 227 690 71
292 8 3814 3 7990 3711 381 18
71 2952 600 265 1103 413 142 318
22 591 30 17 1422 29 293 7187
21 8 6887 2687 759 80 1024 21
905 18 6682 206 161 122 1341 5773
580 8 3377 5810 52 759 61 8
1158 206 810 896 71 290 401 7472
3870 592 100 1019 71 3249 8 3871
276 641 2227 8 868 18 8 41
266 265 274 63 3789 779 8 2483
732 29 26 92 29 17 592 395
1981 18 8 65 21 1982 8 484
21 1178 54 5324 197 17 33 2072
97 30 290 71 2320 64 219 63
4341 4520 71 8 2345 266 219 2775
6887 2687 492 30 17 505 29 347
319 38 14 42 14 21 8 965
17 52 18 25 521 14 3044 1033
4193 265 267 30 3 8 905 18
64 617 274 51 53 18 54 209
3249 307 8 870 6199 5998 5705 40
71 8 5577 18 5580 1232 160 71
50 1676 29 17 71 53 1677 64
697 197 17 1828 4691 96 17 52
632 266 219 124 876 591 101 8
6832 7982 20 8 7303 18 8 7305
934 14 29 103 988 1316 44 224
1327 414 96 968 71 32 103 40
6743 40 4084 2695 14 8 2350 403
341 1212 870 14 1718 318 908 292
102 145 214 3401 14 1368 124 54
8 5897 391 17 29 96 8 4969
18 2667 1232 6711 685 265 1502 262
12 936 22 2340 1825 8 905 378
2070 2141 2142 852 8 1110 18 186
307 8 977 1622 318 3346 2227 2092
3 8 543 117 119 18 8 73
8 143 18 8 162 285 18 227
1051 8219 96 75 1135 52 71 211
1991 25 90 96 175 63 685 4557
18 8 178 20 292 8 1626 18
1599 122 3814 858 52 256 8 870
14 312 18 225 617 17 265 40
648 8 8549 124 5763 3 9062 900
17 20 199 20 71 290 824 21
17 545 318 49 7871 542 779 7333
266 51 6724 307 103 122 6725 14
350 3202 8 870 5030 219 1040 510
71 2728 197 14 265 8037 381 351
4328 14 4326 5356 14 5357 227 3040
18 146 125 52 479 759 220 219
299 3892 165 71 3893 14 3894 307
1873 18 8 188 92 8 707 4488
818 209 227 2299 27 29 2321 731
18 8 930 870 5929 8 4946 266
286 707 39 71 8 1165 33 6067
347 19 29 1473 71 1421 294 71
877 1155 981 292 30 510 857 92
265 810 9462 122 400 685 8 2945
3255 3 1204 299 318 1232 2367 227
71 290 6859 600 347 3511 6860 1788
30 5121 470 21 26 92 347 23
273 18 227 1547 29 1632 17 39
90 71 1334 31 63 212 332 1334
537 18 548 161 54 74 20 17
985 8 5511 3814 274 5066 381 5511
321 224 50 564 824 71 63 395
212 23 493 71 8 646 18 30
45 378 61 293 1599 8400 284 934
5451 14 3813 2564 3 8 2672 71
14 18 4723 299 4724 92 4725 114
1974 1018 29 17 3 33 524 92
3 347 494 1431 39 3 2159 299
630 92 5493 351 73 14 30 17
6312 6314 6315 14 922 14 369 8
589 591 101 3212 29 219 50 623
6648 568 8 7183 274 290 52 306
14 2523 18 8 397 17 504 3
591 101 2894 186 14 632 30 17
1 6230 114 17 29 96 441 52
29 347 224 19 1103 290 3926 3313
1103 1713 227 1356 381 122 3002 14
17 1232 30 75 29 818 71 284
234 30 290 52 617 1018 64 17
123 39 71 1482 8 1631 18 227
96 543 347 224 47 18 30 17
103 270 18 45 186 14 1884 265
14 21 40 3146 2913 2228 292 8
1 1 2691 617 31 265 71 138
274 1677 18 8 905 18 3104 103
1135 8 493 219 2323 71 290 40
2033 2034 292 2035 14 2036 8 41
4011 8 2998 18 3778 1103 743 40
18 40 1754 4084 14 632 52 4094
39 18 122 319 7082 96 17 935
18 8 2686 2687 7047 8 962 18
307 340 7216 71 341 1212 870 14
18 8 657 17 658 14 13 659
14 1562 1471 18 934 14 29 22
103 3762 20 234 4625 4940 1879 4105
1017 274 290 6553 3 1017 20 711
14 850 3 9387 510 8 2743 761
86 1135 3 8 7562 92 161 8
219 1103 480 8 2672 14 8 934
18 8787 29 17 71 53 18 5149
1822 103 96 8 5297 75 1370 436
29 481 2550 14 2551 254 124 90
2219 759 18 24 855 71 290 755
147 290 1018 29 219 160 5588 14
50 290 505 71 290 8 501 18
285 18 8 2353 29 2750 21 209
8 870 14 3 8 4968 5378 64
122 2580 14 52 71 5031 21 7278
17 52 6505 18 318 39 6217 318
2238 8647 14 788 586 18 29 96
468 535 212 591 101 219 235 40
18 174 4164 21 2143 20 214 40
161 104 1788 219 918 71 5443 14
581 662 30 1739 29 492 8 1913
558 84 5159 744 29 17 71 53
1889 272 33 1881 29 245 1890 92
8 145 20 197 17 21 8 1804
14 6341 21 8 697 17 8 126
20 58 274 824 2306 103 8 2913
27 292 8 1014 3053 29 8 8549
319 100 14 9 103 3346 2227 54
18 8 3169 71 8538 80 369 20
8 932 315 290 3964 272 224 494
8 543 219 1799 21 20 272 8
410 2353 103 8 2483 18 11 1502
8 3826 8 3540 29 632 8 2992
137 299 117 224 5759 3136 21 122
2589 272 54 7119 14 1056 3798 14
4625 11 92 142 8 824 839 29
230 71 125 3 347 4086 29 267
2025 846 197 17 40 2538 186 21
21 284 934 175 4624 92 216 272
18 122 400 14 1696 1479 71 29
877 357 1103 2323 71 290 40 1143
1635 21 29 247 63 21 227 3705
878 219 63 29 219 31 125 74
5828 8198 8 6837 7857 142 1017 5704
14 632 212 23 31 290 4488 18
1042 71 63 8 2907 14 2908 18
651 293 1599 103 227 2992 161 122
219 63 517 8 2483 18 11 323
19 138 219 3454 8 4620 17 33
5897 391 17 29 96 8 4969 76
210 299 40 1368 7219 14 21 284
175 8484 542 103 3906 351 3512 20
858 8 707 11 96 11 292 29
4144 263 71 122 780 1165 71 8
127 541 89 312 92 347 2427 332
388 23 1570 17 2237 21 8 934
126 761 125 632 27 1896 29 568
7434 12 2368 21 1212 2589 3 8
21 1032 124 52 18 1822 39 18
8415 38 92 3 2433 14 357 8416
122 188 14 61 30 52 21 1117
505 781 8 648 29 4433 7581 179
2013 21 209 29 124 71 290 130
276 391 8 2581 18 19 266 30
781 2818 26 1693 17 4981 3 8
18 8 2690 274 7097 272 307 8
20 8 696 160 685 8 7519 18
160 71 138 219 3562 8 731 18
29 17 96 17 241 3 26 1378
290 265 8 2945 3832 92 347 23
71 5346 381 318 103 4316 92 23
8 6887 2687 20 71 5578 71 5061
7247 7248 40 7249 7250 20 27 8
17 227 3965 3966 14 3967 272 8
1022 18 3110 21 4037 8 2483 18
103 30 17 265 29 530 318 145
247 18 1590 174 492 197 124 2138
532 63 896 71 290 2446 3 45
318 25 20 290 560 7015 14 4205
18 333 1103 3363 311 8607 316 347
40 19 1093 52 1446 183 71 2952
29 206 1232 3470 227 188 125 30
17 20 234 40 19 292 214 2462
29 17 8 2992 4125 71 318 3
23 761 29 30 17 1792 71 9033
21 6869 29 630 8442 39 175 602
265 274 220 30 8526 71 8 3825
299 224 403 14 2346 8 3377 21
8 2221 71 2984 292 8 1334 18
1 1 1 1 1 1 1 363
12 3378 27 612 8 1842 18 8
14 1220 29 1191 92 497 71 1191
507 52 103 4728 39 103 2908 657
25 219 160 3789 292 8 403 18
8 849 18 206 14 175 50 1273
2581 103 7083 40 7084 2581 103 7085
71 318 23 101 26 1111 4019 1799
265 12 1611 71 542 71 3822 292
36 234 40 2992 290 40 3832 265
29 40 102 19 4177 122 692 292
231 269 103 568 227 4902 20 637
1 1 1151 1035 1285 915 18 1270
5199 299 8 5200 18 25 199 1933
839 21 8 84 1188 1475 96 1366
14 2927 209 262 104 478 219 4175
3 227 4385 262 30 71 256 8
1 1 1 1 1 1 1 365
6349 318 71 563 14 1908 8 162
71 756 8 2083 414 14 1117 18
17 2138 3442 3 3734 52 71 4187
344 197 663 40 1783 96 17 26
1260 1125 759 1626 71 2309 8 5809
3421 50 52 1039 92 919 33 4620
4110 92 1526 17 4111 545 22 71
265 290 40 19 265 17 40 635
10 206 686 227 868 18 8 2281
4430 219 63 395 1172 262 224 289
8281 6838 21 7767 8 3814 160 161
11 147 1972 274 753 510 29 3406
1158 30 17 292 29 186 29 8
3728 92 152 186 17 567 71 8
306 2143 39 27 6334 71 8 1913
29 1876 33 203 349 18 492 265
4520 811 318 3 209 29 124 4521
234 3346 290 52 811 18 8 3096
1797 935 18 145 14 7785 1029 29
1 340 75 2495 29 265 1103 52
1336 29 51 50 63 8 1257 1193
8 126 14 1158 52 306 8 6648
21 96 604 219 9102 381 9103 14
310 815 8 3734 7854 40 7228 2483
212 23 2522 101 8 410 2054 18
836 517 8 2690 568 122 7982 75
292 3268 199 591 18 347 3726 19
14 973 14 23 24 161 26 648
3146 193 2276 2221 39 29 21 40
17 71 4580 292 1631 2722 71 206
71 408 409 47 18 351 410 411
8 126 562 33 2874 3 4081 18
14 217 1339 14 922 3 1340 299
299 20 332 146 8 4202 18 54
2220 64 409 18 318 1103 256 80
39 3 26 2874 18 40 193 117
14 144 97 1611 315 1260 3 1143
5519 14 4720 18 1212 1378 92 2167
19 5876 6117 307 591 2721 103 8
4504 29 197 290 40 4621 18 210
92 4297 18 2067 2398 634 3 96
2934 14 18 4159 109 103 8 4160
229 71 290 2568 227 934 124 316
3 8 3494 18 409 129 71 1482
2299 18 8 2657 1232 160 885 71
122 7907 20 27 40 8395 71 256
224 138 51 1969 103 3288 3289 71
103 40 604 25 8 6648 192 12
18 934 14 548 20 1285 1286 1287
29 21 54 23 24 63 4251 8
18 318 2594 922 2595 922 2596 54
29 219 274 290 20 8 7126 18
92 18 347 494 3387 103 8 193
4060 40 19 4053 122 905 92 4028
227 4081 299 11 21 7227 219 160
206 4430 219 63 395 1172 262 224
3540 110 20 3541 3542 14 8 2652
206 390 2271 175 684 8 2271 18
162 21 1318 1361 18 690 14 1817
14 209 96 51 163 779 71 1339
405 2672 18 11 1232 20 80 836
219 8665 54 8 4250 9438 29 2084
632 234 40 19 3 934 92 23
53 18 2400 266 30 17 103 8
18 40 19 617 266 265 618 619
263 96 265 231 976 6341 3 8
39 1402 7343 224 292 8 7046 71
5270 3801 39 8 146 18 26 293
50 290 90 3762 14 8 4244 18
103 467 96 11 306 31 125 103
103 8 294 18 1280 96 175 63
5603 40 5568 71 8 193 96 50
25 175 147 52 4187 542 266 542
18 515 9134 292 8 2602 265 885
8353 14 8 146 75 436 122 46
410 16 580 8 4901 274 52 290
347 136 44 40 19 592 52 1690
96 17 27 1422 21 209 206 29
8 357 175 63 885 29 219 50
2720 318 3 122 357 71 651 307
388 6066 18 932 219 53 476 206
3146 14 914 206 17 979 1303 14
94 12 30 7245 7246 71 96 5649
8 102 2483 18 11 175 2790 71
39 8 19 29 4538 2810 579 265
89 4577 1217 8 7561 216 8 2903
40 114 290 1703 14 4129 21 8
29 124 215 7094 138 175 63 2681
186 71 743 318 21 1555 17 1835
4866 1769 7162 2483 17 52 18 26
84 711 103 1501 18 74 5554 20
3 307 103 8 114 18 8026 14
276 391 30 17 29 11 1769 71
4919 18 206 71 2952 8 2672 96
64 592 52 395 39 21 1260 322
8 2403 17 1018 97 8 440 290
14 1279 2227 8 4630 18 40 193
25 27 21 347 23 567 18 1547
227 5711 29 17 29 227 5711 2227
176 8 9394 18 311 2299 14 2545
6110 14 4330 162 3 8 6111 18
17 71 53 71 1568 18 374 71
8 1673 14 214 3 174 2678 71
53 476 206 9395 14 3339 71 3389
29 4766 21 227 319 4583 124 8
3540 110 20 3541 3542 14 8 2652
6736 14 8 1143 71 138 340 6736
8 995 18 8 5917 29 4030 8
18 604 17 71 290 1532 21 8
290 21 40 19 29 160 844 21
5050 8 414 18 8 7642 17 900
2353 8 915 44 245 219 2644 52
292 40 152 193 617 231 8 3003
4381 21 934 92 4380 266 219 481
39 934 29 753 276 9475 292 3219
7145 7146 1 197 75 212 524 39
1 5263 1611 18 8 1843 2280 14
9239 219 5603 8 939 29 17 71
332 14 333 39 52 29 219 124
40 19 4677 8 23 17 8 6241
1260 5468 759 5469 759 23 110 29
23 3818 29 1050 30 52 20 8128
4237 3 647 18 890 608 14 494
1 1 388 1035 17 591 1036 20
3037 21 347 1911 299 187 71 4477
5076 14 21 54 7979 14 21 7767
18 1203 18 1204 14 23 24 8
18 2460 24 436 30 17 52 71
40 192 870 124 8388 18 8 2353
54 318 29 818 227 690 71 8
306 71 1350 92 71 1480 307 51
20 23 2376 3212 71 227 5324 14
8 1378 21 8 391 18 8 1270
712 5250 21 153 92 122 707 92
255 39 71 256 169 29 103 8
347 23 543 18 4913 18 227 3855
520 197 17 212 89 193 8 107
234 224 3887 3888 3889 92 2611 40
40 224 71 7716 29 17 71 53
478 96 11 31 2280 3 8 126
40 1421 14 4169 192 17 52 5393
212 2695 2351 71 8 1165 918 71
224 356 266 219 276 30 14 225
4377 2073 21 8 2129 14 209 96
125 8 276 299 209 29 6874 685
3358 124 122 5193 181 96 63 395
71 74 20 316 4574 14 996 32
18 3358 8 2992 290 3804 40 3838
45 224 18 318 29 274 2323 58
934 1754 14 2221 124 5127 71 467
4006 97 52 71 8 493 435 80
1443 1178 18 117 129 19 30 17
71 290 754 8 870 160 275 1357
29 1366 31 3208 212 905 71 63
52 20 117 224 18 318 235 263
1825 40 6829 8 2665 92 2361 18
965 252 21 84 206 209 29 3223
199 175 479 1422 1270 71 5677 1017
802 54 8 1001 265 31 29 122
7146 7148 2667 14 8 2659 3692 75
23 2348 343 211 887 71 40 1783
290 1357 3 697 3734 71 2952 307
266 265 299 1204 3435 71 1358 318
8 934 1606 92 1607 318 21 227
940 8311 18 318 29 810 7972 227
586 18 8 543 14 71 994 227
1797 52 807 670 103 746 7605 14
4371 30 671 29 3790 4284 52 219
75 3 8 152 2672 4011 40 797
1 1 1 1 1 1 1 1
40 2706 39 45 18 8 1000 2707
1741 51 63 13 307 824 1942 234
1 1 1 2456 4527 92 1590 4528
17 52 8 5856 18 318 29 5891
71 290 2992 21 26 16 39 71
8 4572 4502 124 52 715 145 39
3079 18 8 16 63 21 227 462
29 4204 71 8 5294 18 122 174
175 274 539 591 2401 21 8 988
1 1 693 8 3762 18 2545 17
1262 2212 1232 274 63 8 3378 18
18 193 117 19 810 40 905 71
3102 617 265 12 52 8 2221 71
9068 71 3358 21 8 2566 18 40
14 4653 18 206 3 4203 14 9264
63 212 186 71 1193 92 1520 318
310 197 17 40 89 1873 21 8
39 381 8 1406 18 8 4316 29
169 43 292 8 7227 18 1364 142
227 4488 14 29 74 5568 50 290
1842 18 23 206 14 18 227 319
14 2613 2593 14 45 90 8 126
17 8 174 18 2084 71 341 318
40 3400 18 40 414 103 8 108
642 8 654 721 33 501 18 8
193 31 216 1382 64 17 92 64
21 1270 3 934 29 686 900 2305
14 2517 197 17 39 224 2938 18
8 98 21 8 1288 197 147 290
7720 163 52 519 71 169 347 286
306 40 4054 18 8 2672 39 27
292 3953 17 71 290 7523 292 54
8 1244 1045 219 160 3120 18 8
184 51 274 1824 479 29 8 2703
14 1564 14 3 284 50 290 230
306 492 265 17 27 8 152 188
213 2227 8 1138 21 2672 513 272
23 311 312 14 18 8 312 18
744 21 31 2602 3 649 21 6888
8 2353 29 17 71 256 8 870
2992 14 8045 292 8 848 17 52
1383 230 20 21 1384 224 306 1378
219 1113 1023 14 21 8 543 71
810 395 40 2550 14 623 548 234
1378 6835 21 8 2686 2687 14 8
8033 75 7040 21 122 65 71 8
154 18 347 247 29 8 9440 2013
467 29 12 40 43 71 220 27
45 761 591 14 21 45 645 14
2487 219 3811 52 71 256 14 6836
40 193 17 596 1715 617 124 219
197 3465 212 187 21 8 1270 759
388 162 400 267 52 2226 2777 467
470 39 1076 92 8 939 18 1077
18 209 24 29 124 163 3136 103
1788 14 40 1788 441 21 4054 92
435 4093 17 4163 20 266 51 3208
8199 1017 96 124 52 5109 39 8200
23 8 276 514 299 96 8 6378
74 20 11 12 4905 71 3825 8
26 29 8 2672 17 40 1788 14
52 197 1775 17 26 29 219 147
197 290 22 24 21 3508 1378 1510
347 23 937 938 299 8 939 18
632 199 2156 161 8 2166 18 922
3831 18 3358 21 5673 18 8 9348
272 40 930 5296 18 1526 936 586
771 690 71 224 14 8 126 493
632 52 71 290 6794 779 21 8
52 900 2894 532 14 293 899 2355
602 290 2151 17 71 290 354 92
124 8 2149 18 2816 2817 1759 1243
478 13 103 8 2913 18 206 92
1363 1769 18 1025 29 11 810 936
4291 19 678 122 4292 103 74 312
7478 18 6532 227 7479 161 227 319
306 332 14 4415 3349 103 8 2389
14 4326 64 265 5361 92 5362 161
343 290 52 306 8 102 1378 18
17 186 436 30 17 40 1042 71
212 400 161 54 18 8 3762 96
18 11 75 323 265 235 125 212
206 419 103 29 543 600 30 290
334 169 1875 224 19 938 299 33
696 591 21 23 696 645 1479 20
310 18 40 4980 6183 101 18 40
810 885 169 40 357 96 1025 263
52 3984 4642 29 17 71 53 103
8 524 14 6835 4125 71 2667 103
8 393 14 1110 219 858 52 1979
717 290 23 52 25 89 96 1366
39 224 193 29 17 71 53 39
492 8 1595 1378 17 8486 8487 1388
8 870 20 214 1135 316 187 292
31 290 212 23 39 40 2672 18
1727 1728 71 117 18 8 1729 1730
52 3 227 319 2403 39 3 8
29 4433 7019 413 318 306 71 74
71 125 51 124 71 176 64 184
8 2898 124 1376 14 316 347 1214
1285 5965 752 3 423 29 17 3
8 7173 7174 14 227 4720 39 617
74 24 71 8 2061 18 591 1188
395 6979 3 5052 919 101 3 6976
103 8 1477 1024 21 292 877 92
333 39 124 52 1996 8 126 14
29 63 443 21 58 92 124 3
29 40 1378 17 52 8 731 18
17 40 3953 97 30 335 744 21
1 1 1 1 1 1 365 1225
12 52 354 71 122 4720 21 26
831 18 111 8 824 61 212 591
318 5575 3 5576 18 8 5577 18
18 8 6962 435 14 8 398 2775
8 126 96 836 395 1082 75 614
744 591 1874 334 169 1875 224 19
586 18 123 39 586 18 2470 71
2353 18 3358 175 53 219 124 52
18 8 126 378 17 428 292 8
292 11 2445 74 20 11 2730 71
1 1 1 1 1 1 1 1
17 188 3 647 162 18 8 2686
197 17 212 3979 54 206 836 905
8 5509 18 8 4748 18 4749 21
96 8 624 535 3 8 1378 6716
4524 23 206 13 3723 71 2759 299
3732 1103 63 1245 40 949 3733 92
73 265 4039 29 8 731 18 73
1108 18 153 20 71 57 307 71
18 8 2483 18 11 14 161 29
212 19 17 1205 71 458 8 558
436 8 270 18 6059 14 849 17
8 2159 17 13 758 8 8874 18
52 1260 63 175 4011 318 759 6736
92 378 96 416 8 417 418 71
84 47 5419 14 452 18 2322 314
6235 103 8 1520 1135 307 14 6236
18 6300 6301 2227 6302 8 6303 3
214 52 5429 230 12 811 1088 71
37 8 86 18 33 7077 75 71
670 103 746 7605 14 40 746 1244
351 732 2212 8 184 18 209 29
682 3771 75 8 7631 14 2778 1570
8 8750 96 11 810 4011 71 290
2322 103 2668 266 347 18 122 2376
3801 265 5901 506 96 1218 31 4183
319 2376 39 612 54 8 2345 18
988 7143 2730 20 39 71 224 14
8498 632 31 290 981 292 284 92
30 3465 52 20 80 29 8 870
1 1 388 5545 14 1798 3 96
4611 1110 8 1431 18 137 1376 40
462 206 12 3367 779 262 3501 25
8 7784 14 7785 299 284 934 8
25 1835 20 40 19 2262 234 8
14 5056 4305 8 3832 71 1561 307
274 53 33 587 2229 292 40 1776
92 4288 71 146 52 18 2545 92
161 3242 14 2901 318 2227 3830 3901
3 4345 30 1445 20 199 20 6718
2672 124 209 51 390 3900 14 8
4006 275 8 1267 212 645 101 234
2056 224 225 14 224 824 4029 225
209 29 63 1042 71 216 1382 18
197 290 212 186 811 71 347 224
290 1533 2221 18 2802 2227 2300 186
52 71 318 29 1103 4915 21 227
1389 96 30 17 1018 29 8 932
1056 7762 103 33 5531 71 8 2690
3790 235 63 2667 71 63 3694 318
39 40 493 2932 381 8 896 14
71 290 3804 3808 14 876 3 40
3 8 145 14 1544 942 71 54
306 440 14 40 737 80 214 2695
71 227 881 14 292 8 8707 6044
266 21 8 731 18 40 1673 19
74 641 20 40 19 2730 71 122
3814 14 5072 29 7949 299 1025 3692
18 30 212 3328 31 290 399 292
124 14 557 63 395 591 1983 71
1215 5280 2511 96 21 227 319 174
40 4646 704 33 8 868 29 8
3773 75 71 3600 878 52 1412 21
329 224 4306 101 33 4620 245 18
26 1390 18 690 45 18 1374 45
193 71 2902 318 71 8 3326 18
962 92 468 29 905 17 976 21
193 75 388 4946 14 6309 18 3358
600 30 290 3 96 11 476 318
8 2992 92 23 188 8028 18 8
381 8 152 188 96 918 1741 71
6057 21 8 4874 18 193 96 31
2735 30 436 74 2299 124 1165 71
900 11 92 567 71 224 7060 18
145 179 553 265 63 40 1767 3
1232 17 8 2580 18 8849 29 61
1341 343 5311 263 71 5119 54 8
400 209 145 71 290 1320 21 112
532 52 306 122 147 39 122 950
2946 8 145 1510 8 188 2946 27
1 388 780 592 395 1381 21 8
712 3 318 103 227 2992 75 815
3 23 2348 101 124 2237 3 122
290 1024 71 2354 21 8 89 6485
318 21 1434 759 64 30 17 265
318 8595 71 26 357 124 8 860
3 8 402 92 3746 1155 18 8
21 8 244 463 18 8 73 312
18 224 14 8 126 1822 219 124
96 63 395 694 695 3 391 245
8 1267 18 8 126 14 602 3454
