29 37 56 44 45 114 117 143
163 179 22 180 209 53 211 246
117 118 39 134 63 135 55 139
1 198 247 21 25 250 19 253
79 44 110 117 1 118 125 30
18 78 20 28 54 26 71 38
3 25 9 41 14 23 36 15
7 12 250 28 253 25 39 256
39 179 23 180 43 195 250 29
12 8 21 9 18 38 13 15
30 258 20 259 23 262 44 48
113 40 54 117 118 132 2 133
15 74 20 40 78 79 60 110
28 26 27 115 20 117 118 40
74 17 30 23 57 26 43 31
63 34 48 65 28 66 57 74
64 150 218 33 245 86 247 72
15 19 9 37 42 13 54 76
117 125 4 16 25 5 53 69
17 22 18 30 5 58 35 36
29 134 20 33 70 143 30 144
72 8 10 16 9 78 32 11
136 47 139 141 52 53 143 3
58 135 36 143 37 144 146 150
40 13 24 27 17 28 18 48
43 218 245 15 50 247 253 45
53 90 2 39 91 31 60 35
117 1 132 50 51 133 12 28
56 119 83 120 132 77 139 26
8 19 10 20 17 9 24 26
141 53 63 143 144 73 203 246
10 12 72 13 42 51 17 35
6 144 147 34 164 54 247 25
95 19 103 23 36 89 26 30
132 63 64 139 43 141 47 61
32 53 17 29 18 59 26 19
38 117 7 120 41 133 143 6
69 120 80 139 21 143 144 199
25 73 17 11 18 82 23 36
1 57 68 4 6 47 8 48
63 281 23 45 309 56 310 54
117 118 43 121 16 27 132 51
18 95 51 65 26 87 41 14
248 250 12 16 48 253 60 68
8 67 9 43 10 73 13 53
114 13 28 124 132 12 58 141
5 50 59 8 17 39 60 9
26 63 71 6 29 56 8 1
245 20 25 246 247 252 37 253
245 30 32 35 39 248 262 40
180 21 85 195 197 198 86 246
49 9 52 14 17 24 4 26
135 81 143 33 144 90 145 45
42 49 70 28 34 78 79 45
144 34 71 245 14 38 88 96
113 133 73 135 14 30 141 143
145 6 149 150 195 245 21 24
74 41 15 97 108 109 110 16
28 79 94 35 51 36 69 74
61 13 28 26 4 27 41 35
36 41 9 27 44 113 20 114
16 35 74 42 78 5 79 64
5 6 83 8 1 9 101 14
4 65 114 66 117 133 5 143
51 132 57 146 21 171 191 253
14 46 49 17 42 18 56 25
50 72 86 20 19 51 81 75
37 40 85 110 3 117 125 4
8 6 9 55 14 23 31 17
24 14 97 17 47 78 19 23
70 8 1 9 80 22 33 26
47 27 98 53 68 35 36 90
139 28 143 20 144 41 66 146
110 117 118 25 139 23 143 3
108 109 57 114 1 42 118 133
113 43 69 114 117 34 133 71
5 12 14 29 42 8 3 22
143 50 75 144 153 23 245 14
28 21 43 35 11 36 46 32
25 29 4 1 5 8 21 9
132 48 49 133 143 144 151 27
28 141 143 29 144 43 245 38
23 37 78 13 38 110 67 117
120 20 41 132 56 143 53 144
164 30 173 75 195 245 248 250
144 6 48 210 246 18 28 46
39 67 68 139 34 143 66 144
1 7 36 23 163 4 10 184
114 117 3 118 15 132 53 58
4 37 46 8 30 9 50 11
149 150 164 27 170 34 177 59
48 26 35 31 32 51 74 16
245 45 55 249 30 253 14 254
4 24 35 48 92 5 1 8
144 210 245 53 100 246 247 75
15 53 55 17 49 18 37 60
13 32 14 19 31 17 11 54
56 47 83 110 48 113 62 117
246 71 248 255 85 260 63 262
50 23 53 11 54 52 114 27
28 41 114 5 117 118 119 16
146 53 149 150 195 246 250 39
29 49 246 81 98 253 77 260
31 45 51 18 36 60 70 74
141 2 143 5 144 199 12 245
8 9 10 17 4 19 7 39
143 199 245 26 247 253 14 262
17 35 51 26 54 59 27 65
18 53 22 50 26 38 28 16
70 139 143 144 80 146 34 59
63 79 9 45 113 58 46 133
24 56 60 8 50 13 9 45
11 5 45 17 18 54 20 24
52 10 14 55 17 1 18 69
40 5 11 70 52 14 78 25
23 80 11 45 39 76 78 71
43 28 38 35 39 58 48 53
144 146 77 97 149 61 173 191
111 10 19 117 4 118 23 139
67 49 78 41 79 68 113 117
144 50 147 33 149 15 150 209
19 9 46 28 11 20 30 36
25 33 253 257 42 262 281 48
13 19 132 133 48 58 136 45
78 79 34 84 16 88 89 110
150 171 214 15 247 4 253 254
33 37 57 70 8 25 38 11
23 15 26 3 27 84 31 61
147 12 23 149 150 41 187 47
248 27 252 18 21 253 24 26
141 66 143 3 144 14 73 164
53 24 31 26 7 39 35 58
133 19 143 144 2 4 47 145
143 42 144 47 163 14 24 199
2 90 96 5 18 19 8 10
21 56 141 50 143 7 51 161
55 79 110 6 113 44 82 117
42 110 117 1 118 43 132 22
51 61 117 1 36 118 71 133
39 245 253 21 24 255 42 284
109 82 110 11 113 117 38 133
12 118 133 46 139 143 144 147
78 79 76 110 33 113 117 38
44 20 47 45 54 78 79 67
143 144 245 33 246 6 10 253
114 118 120 38 132 39 133 44
68 57 74 20 42 78 43 79
162 179 180 184 189 190 245 246
143 144 55 146 21 42 149 15
35 13 19 36 40 59 24 67
118 121 29 132 139 58 143 3
41 44 143 144 29 46 246 7
144 163 20 199 52 201 202 245
71 195 245 39 247 72 250 84
20 195 197 198 246 16 250 253
26 31 35 2 47 52 53 54
4 9 36 110 1 2 113 13
139 25 143 144 175 43 49 245
51 55 63 247 253 21 22 66
150 173 16 21 39 48 191 245
12 20 250 31 253 24 255 43
10 23 42 17 18 50 28 26
30 42 78 79 56 110 24 62
149 150 171 175 29 180 245 246
117 5 46 118 64 132 139 33
54 108 109 65 113 9 117 133
45 110 6 11 117 1 118 245
38 35 36 49 40 74 47 78
38 7 16 45 69 52 73 34
253 29 76 81 255 94 283 286
53 69 35 38 36 70 78 40
132 88 133 135 48 143 49 184
10 32 69 17 12 18 80 22
20 79 49 82 1 4 83 10
117 118 132 67 136 49 141 5
31 46 35 74 37 78 13 79
26 30 6 24 34 25 36 73
15 37 45 246 63 248 5 253
173 191 193 245 2 20 252 6
35 144 30 245 253 21 23 258
21 57 26 23 27 35 37 44
79 65 99 16 38 108 11 109
10 11 17 3 19 47 20 30
58 136 45 139 143 144 62 205
245 246 20 29 247 9 11 253
63 139 29 143 30 144 74 169
3 73 78 79 113 7 117 1
57 114 5 72 117 6 58 133
3 26 27 114 137 144 245 5
40 38 44 30 111 9 16 113
6 38 117 118 51 132 57 146
54 76 17 22 46 18 40 83
70 120 101 133 20 134 92 143
187 10 189 6 245 255 47 51
96 110 118 119 38 43 120 4
52 8 1 9 94 11 67 86
149 150 163 179 180 12 184 189
114 39 117 133 10 62 143 144
13 24 53 17 19 23 29 26
39 33 44 12 46 37 55 53
79 126 110 120 125 132 114 139
38 61 4 1 8 31 9 11
119 3 9 121 122 15 134 30
61 18 55 22 44 26 28 35
144 218 221 245 13 58 61 246
14 38 46 17 1 35 18 32
110 113 57 117 1 118 120 9
45 41 132 30 38 133 42 49
45 67 23 44 68 77 27 46
165 86 185 195 245 56 83 253
16 36 56 18 29 49 20 31
189 190 195 86 197 198 247 250
15 20 8 1 9 24 40 72
118 19 245 46 246 249 25 253
78 79 110 22 48 113 8 15
45 78 79 56 111 7 113 85
35 17 48 18 53 10 113 5
132 78 136 71 76 137 25 34
17 18 40 71 76 22 51 59
66 13 14 35 17 1 36 19
101 67 104 108 39 109 91 110
2 18 57 27 70 31 15 35
114 15 117 10 118 132 76 78
69 35 50 36 38 44 32 51
62 71 13 16 26 38 49 78
86 26 27 31 21 48 35 36
81 114 91 117 21 132 14 141
50 113 132 48 49 133 141 191
18 120 19 74 109 52 72 23
31 35 81 40 63 16 25 66
74 33 78 79 136 1 246 7
147 27 149 19 150 49 246 6
35 74 29 78 79 34 111 5
29 46 246 7 12 253 25 259
26 49 70 111 9 45 11 50
117 118 51 124 6 10 132 31
36 73 72 22 63 78 79 114
55 35 62 110 10 113 40 54
19 26 52 28 33 56 31 69
64 98 62 68 108 109 112 63
164 60 245 29 49 246 81 98
46 67 26 40 27 28 15 66
121 64 70 132 2 62 107 139
10 18 47 22 14 30 23 6
174 180 191 205 209 245 39 50
65 143 3 146 62 147 149 4
5 23 27 8 16 37 9 31
1 57 18 46 112 23 26 101
8 15 9 40 11 21 23 14
113 143 195 245 69 82 246 41
69 8 35 9 22 82 13 53
38 45 74 249 65 71 253 25
133 47 141 48 56 143 5 144
22 31 43 26 12 44 38 46
37 6 25 1 45 29 110 114
9 14 132 70 72 133 68 136
39 179 25 180 45 195 197 198
37 117 27 38 118 132 72 73
21 24 255 42 284 34 309 12
144 24 175 209 246 21 35 253
40 9 11 66 41 43 56 36
11 26 27 57 23 36 33 34
28 35 36 70 69 56 78 79
36 38 44 46 69 66 89 73
149 150 173 38 210 15 245 56
180 195 197 198 247 31 46 250
150 209 245 38 246 21 247 49
1 44 28 72 22 55 70 23
150 55 161 181 23 25 195 245
246 7 12 253 25 259 16 17
92 143 195 245 61 246 16 250
41 46 33 53 113 114 28 48
187 13 189 190 34 209 245 28
117 3 30 118 66 119 51 120
27 38 53 78 26 18 50 43
45 59 35 30 36 46 21 48
23 57 26 43 31 33 32 19
10 79 110 53 111 43 117 44
169 187 245 18 246 253 261 14
168 179 184 189 190 209 212 245
15 66 8 1 9 71 11 5
134 56 143 146 149 191 245 22
55 9 112 10 26 61 17 18
117 118 132 50 139 47 141 53
35 72 22 32 23 16 26 27
144 84 245 59 63 101 253 40
8 1 9 36 11 4 29 41
179 82 181 189 190 91 245 58
169 55 63 187 245 37 247 53
245 31 246 2 250 40 253 10
10 27 64 17 20 18 86 19
118 120 18 43 132 47 136 24
74 135 17 128 18 83 28 11
150 45 171 37 191 245 35 246
53 79 113 7 76 117 118 119
8 30 44 63 9 27 42 54
41 10 27 62 11 33 36 51
74 20 78 27 79 110 18 113
60 62 17 4 20 33 40 53
77 79 38 59 114 117 39 133
79 110 7 33 114 117 120 132
17 34 8 1 9 69 10 71
7 117 1 133 8 143 2 146
12 78 1 110 10 20 111 56
2 9 17 19 16 26 29 35
204 246 22 250 51 253 255 44
39 110 6 43 117 1 118 119
2 21 23 8 10 64 9 32
4 146 149 162 245 54 253 58
6 9 55 14 23 31 17 19
117 3 118 119 12 120 132 48
12 20 8 6 9 30 10 29
114 21 117 6 119 3 16 46
54 56 143 144 61 174 50 246
81 17 37 62 22 28 29 38
1 15 36 4 37 75 8 6
36 19 73 11 78 2 79 30
26 1 30 58 27 49 48 39
41 26 7 48 34 56 53 110
144 146 150 171 214 15 247 4
37 1 56 45 132 143 52 144
38 41 246 12 248 34 253 254
10 40 65 15 1 34 17 35
144 199 245 3 24 247 10 32
60 143 58 146 29 149 13 150
55 10 78 13 22 24 17 25
143 49 184 4 43 59 189 190
150 45 168 174 2 6 191 209
109 13 68 73 14 42 55 17
114 120 132 47 48 56 58 143
149 150 33 165 179 11 180 34
36 64 72 41 44 62 110 10
108 5 23 70 8 71 10 78
11 53 13 19 44 17 10 20
39 110 7 117 2 118 13 120
147 29 149 150 209 245 248 253
139 143 147 75 149 65 162 37
10 18 53 20 7 26 2 27
50 52 26 28 27 65 36 44
11 79 49 110 117 1 118 133
50 73 26 35 27 75 31 11
8 13 34 67 9 35 39 86
78 62 110 52 56 113 13 44
68 79 81 111 27 117 122 30
19 28 34 20 26 4 25 27
27 20 21 23 39 7 22 31
14 44 52 17 8 40 18 34
143 11 144 245 38 246 253 28
28 42 78 35 31 69 54 63
174 83 179 68 180 209 41 211
53 113 5 117 119 40 43 133
62 189 190 245 51 247 253 22
74 82 48 51 110 7 113 63
146 39 147 49 149 150 58 187
72 26 38 73 31 42 35 36
143 84 171 16 245 41 247 248
60 15 14 58 17 18 62 28
62 67 76 255 32 260 52 281
49 61 8 42 9 70 11 26
55 49 39 53 9 54 46 74
69 23 14 54 26 7 27 62
15 12 23 31 49 17 6 29
141 143 14 43 45 195 245 11
1 9 26 4 33 55 8 27
38 17 18 47 19 37 26 27
42 55 246 38 247 257 29 273
9 11 66 41 43 56 36 45
49 72 26 27 70 47 75 78
101 149 64 150 195 104 197 198
31 64 82 35 55 36 38 21
96 44 54 45 48 33 53 74
78 6 173 34 245 25 254 16
117 1 118 18 134 143 4 144
250 52 252 30 31 253 33 37
36 40 39 48 111 5 114 117
32 113 117 118 120 132 56 133
33 37 43 50 253 255 52 266
108 109 57 114 1 42 118 133
31 35 36 40 33 110 117 118
14 26 1 27 18 39 110 6
133 146 149 3 245 48 246 248
26 79 27 76 39 16 50 64
36 46 73 18 44 78 11 79
17 49 18 37 60 20 36 38
17 5 18 45 20 26 4 27
73 98 65 72 108 49 109 80
64 70 132 2 62 107 139 6
13 45 14 71 17 4 35 62
35 26 27 47 110 38 113 45
139 18 143 4 54 144 44 61
43 22 26 1 30 110 5 117
143 144 7 146 25 65 149 150
67 90 9 64 86 11 31 61
5 29 143 2 144 146 31 149
34 117 8 118 38 132 1 2
20 47 51 209 3 245 44 48
214 15 247 4 253 254 24 262
28 50 17 18 51 19 69 86
15 26 35 10 36 29 113 13
133 41 143 144 50 191 245 52
117 5 118 49 127 16 23 132
9 69 11 17 1 28 37 60
40 43 47 251 72 253 280 284
32 19 39 26 31 46 35 74
144 59 86 146 149 150 181 55
61 79 50 110 1 44 113 51
60 78 7 110 113 47 117 32
118 132 69 72 136 75 139 143
117 133 90 135 6 47 141 77
43 141 51 143 151 80 195 245
1 56 65 8 20 9 88 13
56 70 25 40 78 10 79 110
55 8 46 80 9 59 10 62
99 44 45 108 75 81 78 79
2 9 74 10 42 46 11 16
253 55 58 257 36 37 259 51
114 2 117 120 245 29 247 253
25 97 45 55 108 28 109 110
39 13 26 32 14 51 52 60
64 110 3 25 38 115 43 58
143 144 27 169 245 63 246 7
36 51 110 38 117 118 120 11
57 11 44 52 79 17 45 19
8 27 9 81 10 35 11 21
13 35 9 20 36 41 58 46
12 29 143 30 147 21 149 150
44 5 45 110 115 25 117 118
26 15 27 28 69 98 31 20
74 164 39 49 182 20 36 245
29 55 35 62 110 10 113 40
79 114 10 117 118 127 132 60
26 6 40 27 28 33 41 46
28 29 251 253 255 283 284 21
67 72 90 91 13 58 61 39
11 47 58 15 10 4 42 18
41 21 110 12 76 117 118 139
41 52 17 29 18 64 31 33
70 29 78 18 79 65 113 42
82 73 23 37 78 13 38 110
74 50 52 78 37 79 110 22
117 44 118 43 120 24 132 64
120 3 133 33 34 37 141 35
120 5 133 29 143 8 25 144
10 9 16 13 11 54 17 18
19 26 35 36 73 55 78 14
26 56 27 75 41 15 21 35
57 73 50 75 82 51 79 110
97 62 108 109 99 110 113 51
78 79 76 110 33 113 117 38
26 54 60 27 66 110 13 44
47 133 139 143 5 144 146 149
79 82 110 117 118 132 71 133
68 139 34 143 66 144 174 28
8 64 14 57 17 43 22 29
149 3 25 51 150 76 187 73
42 75 100 36 99 69 117 70
173 32 245 50 246 28 247 36
22 48 113 8 15 117 16 118
82 170 92 131 118 119 132 179
24 32 25 37 35 36 52 42
67 4 14 18 5 41 46 8
139 143 5 38 40 52 56 67
193 16 218 11 43 245 65 81
8 22 122 2 5 132 51 136
63 17 23 64 20 76 49 26
42 45 246 15 253 27 257 35
133 55 134 56 143 146 30 52
77 179 180 195 5 197 198 245
1 133 56 135 9 55 143 145
7 143 2 25 144 147 149 150
209 236 245 36 40 247 13 253
197 198 245 32 51 59 247 20
70 36 46 68 113 10 73 117
53 132 72 80 133 18 21 139
118 132 67 68 143 6 69 72
55 9 62 11 17 12 18 23
22 26 27 28 23 59 35 14
74 2 11 38 8 4 48 9
245 32 39 253 63 254 25 255
18 79 65 113 42 117 4 118
56 13 32 14 45 15 55 73
195 245 253 31 257 44 48 258
135 67 139 143 68 145 64 149
72 73 15 22 34 17 19 35
24 54 146 7 149 150 10 184
184 8 189 190 209 15 210 245
281 48 284 12 49 55 309 310
26 35 27 75 31 11 22 2
117 1 55 118 22 120 21 132
13 7 36 44 113 117 119 120
33 108 11 109 110 40 117 118
31 109 58 110 117 118 33 136
53 74 78 33 113 114 2 117
95 133 143 195 245 30 44 75
118 13 245 38 50 246 7 12
253 255 40 43 259 12 264 31
180 44 246 20 247 253 266 43
144 166 179 180 109 195 64 197
14 143 144 20 147 149 3 150
40 7 97 38 74 108 109 134
10 117 1 133 47 134 143 5
55 41 31 49 78 7 14 79
11 69 18 5 65 31 28 35
50 246 6 10 33 42 253 31
195 245 246 15 250 43 51 253
144 57 63 195 246 15 20 250
15 143 8 12 144 30 146 25
8 7 32 9 29 52 10 17
18 35 73 36 78 49 99 27
42 110 6 117 118 60 125 15
141 44 49 143 3 42 144 59
50 60 2 8 30 49 27 9
92 246 7 14 77 249 56 253
9 45 113 58 46 133 71 134
17 5 19 44 26 7 27 53
49 78 79 111 40 113 47 117
35 72 22 32 23 16 26 27
41 179 180 44 246 20 247 253
77 8 6 17 7 20 18 26
44 47 23 12 27 22 52 39
9 58 11 66 75 14 53 56
8 5 9 31 13 28 52 86
44 35 2 53 39 57 15 45
59 26 6 32 49 43 64 46
13 23 29 17 15 18 34 26
143 146 149 247 253 30 258 20
181 38 45 189 190 209 245 246
21 28 113 117 13 135 66 143
79 54 110 5 117 118 132 143
144 153 75 187 67 96 245 24
38 35 5 36 51 48 16 53
14 32 8 1 9 37 15 48
209 245 39 50 83 246 28 33
132 85 133 84 139 143 25 144
40 139 143 25 209 245 16 30
70 4 1 23 8 39 58 9
43 133 146 149 3 245 48 246
187 50 189 190 245 56 246 247
136 66 139 42 60 143 46 61
49 35 44 36 50 79 41 27
110 9 117 118 18 139 143 5
133 24 143 144 145 73 150 245
6 143 144 25 210 245 12 246
10 76 17 67 19 80 22 28
22 10 26 27 28 38 30 33
21 40 9 66 14 51 17 39
14 50 72 154 162 30 165 86
78 24 79 111 64 117 3 118
58 13 40 17 41 19 54 24
30 20 10 24 17 11 34 47
52 139 11 58 143 144 199 201
9 61 20 42 51 26 34 27
118 133 47 139 19 30 143 31
117 118 38 132 34 62 65 139
117 133 90 135 143 82 146 21
35 44 36 50 79 41 27 97
117 118 121 3 123 53 132 72
40 26 24 27 48 38 6 15
8 5 28 6 30 13 31 35
118 133 50 146 3 149 150 195
114 32 117 132 16 136 42 57
39 26 27 43 29 35 42 46
72 22 63 78 79 114 10 117
139 141 104 143 34 100 164 30
139 12 143 144 61 145 149 150
13 18 40 17 3 41 20 26
16 162 15 187 189 12 190 27
81 23 68 72 26 64 73 27
195 245 41 246 16 21 250 52
1 50 88 22 62 75 26 54
49 84 143 168 54 245 64 70
74 62 63 78 79 70 98 16
36 54 67 76 49 44 79 110
15 46 136 39 137 141 143 144
187 189 190 245 43 246 253 254
117 118 38 132 34 62 65 139
14 22 114 1 4 117 5 118
50 82 14 1 2 17 43 18
144 52 203 245 57 67 246 250
35 36 58 48 31 110 49 117
1 14 52 8 2 9 58 15
52 77 163 30 174 80 179 180
150 67 151 195 246 33 250 12
79 113 117 135 11 34 141 37
18 82 23 36 26 27 75 28
53 110 21 113 14 81 117 15
198 246 22 250 253 15 19 262
136 141 25 59 143 60 144 245
48 146 61 149 150 66 153 41
19 190 246 54 253 257 29 259
43 143 144 45 154 56 59 181
8 32 59 9 30 13 39 68
86 96 8 16 76 9 58 11
2 17 19 41 45 8 12 20
26 27 28 55 35 49 36 80
144 69 219 245 14 57 102 253
139 143 144 145 6 149 150 162
60 114 62 127 97 132 64 133
73 5 28 38 8 21 61 9
114 117 143 35 144 50 57 245
41 247 44 46 248 35 37 253
15 51 6 52 121 40 45 44
78 79 110 7 117 118 134 58
18 54 32 58 35 9 55 38
10 62 71 13 16 26 38 49
8 22 30 37 9 60 13 15
117 61 121 133 74 105 134 93
27 52 32 35 36 63 110 41
86 30 16 49 64 71 93 107
65 2 41 47 8 38 13 36
52 74 17 48 18 44 81 99
195 246 247 19 253 27 32 266
66 139 143 62 144 53 68 164
8 10 9 53 11 22 17 18
66 53 1 73 19 78 12 79
16 35 32 36 23 45 49 111
23 24 26 32 35 38 45 55
44 47 65 83 253 56 255 20
12 143 20 146 17 149 168 14
10 13 65 101 110 17 7 66
19 24 29 25 38 30 35 36
161 6 22 191 246 11 252 28
19 113 117 118 42 120 17 133
117 28 118 119 21 132 133 5
141 36 143 20 30 147 153 44
1 61 77 2 6 33 8 56
84 39 133 64 143 144 147 50
20 56 66 22 23 10 32 26
35 45 44 25 110 11 117 118
1 46 67 2 11 45 8 10
20 24 34 26 25 31 35 22
27 29 37 56 44 45 114 117
19 24 189 190 213 245 45 56
60 82 29 13 44 35 36 69
49 250 253 34 82 255 59 63
134 11 38 143 1 144 49 245
253 17 24 266 12 16 33 37
110 34 113 25 117 118 133 136
118 31 139 144 29 245 35 50
246 37 247 6 250 50 253 16
7 24 41 20 110 5 117 118
143 144 78 199 245 15 40 41
2 5 28 35 8 3 25 9
1 144 147 149 150 246 34 250
16 143 144 170 191 193 209 245
149 9 167 46 245 42 246 5
2 9 59 11 32 52 17 28
30 36 48 74 23 72 78 12
67 133 66 136 71 143 5 195
26 9 45 13 31 55 17 20
2 13 16 8 6 17 9 66
11 53 13 19 44 17 10 20
14 117 118 139 57 141 143 199
189 190 64 245 53 253 15 19
190 199 212 245 7 21 24 253
118 52 120 21 132 43 47 136
33 14 69 86 17 12 34 62
78 10 79 29 113 114 9 31
83 118 133 116 135 63 139 52
150 38 195 11 59 197 250 253
16 21 143 39 144 63 76 145
34 10 13 20 30 17 3 22
10 24 14 100 17 58 18 111
14 35 36 26 72 7 78 2
16 143 30 38 144 6 48 210
31 139 144 29 245 35 50 246
21 132 133 5 29 143 2 144
99 36 67 108 109 113 30 114
195 245 41 246 11 253 257 283
3 29 143 145 149 150 34 168
8 44 65 9 60 114 19 89
35 246 14 250 50 58 253 28
50 134 51 135 19 43 143 144
110 16 117 118 70 120 50 55
149 7 63 246 247 19 253 41
44 52 17 8 40 18 34 35
65 113 114 64 117 118 132 63
37 78 24 79 64 113 30 45
69 17 32 61 18 55 22 44
24 31 8 18 9 36 10 29
36 42 110 117 1 118 43 132
15 12 53 17 18 23 13 55
64 8 34 9 73 13 15 80
246 5 250 39 253 262 59 74
34 71 117 1 28 118 75 133
60 63 139 21 143 10 144 41
133 40 50 139 59 63 143 1
7 13 16 17 12 26 27 53
52 59 60 113 81 117 132 51
21 111 57 114 5 72 117 6
8 58 143 59 144 20 68 209
45 23 16 25 26 11 31 33
48 79 42 113 1 132 16 20
30 32 195 214 245 253 25 257
143 32 64 195 246 12 250 39
46 32 69 78 55 58 79 113
10 26 61 17 18 70 28 71
6 36 52 44 37 45 71 74
18 19 55 22 26 46 45 53
31 141 55 143 32 56 146 53
22 61 26 27 28 52 59 33
5 53 151 46 73 195 246 19
10 39 45 110 124 11 96 109
11 10 17 7 18 37 29 35
13 39 17 25 22 31 26 19
78 79 101 110 10 29 113 53
63 141 143 64 147 13 149 4
17 23 50 18 46 68 20 14
8 19 9 45 22 25 32 26
209 236 245 39 248 16 28 253
118 45 132 43 44 136 28 143
49 58 245 44 48 246 29 253
46 117 19 118 132 44 137 143
48 13 26 79 14 80 17 11
70 81 177 88 179 82 181 189
252 16 253 33 254 24 27 42
78 83 22 66 24 45 26 46
9 40 11 35 17 25 19 68
11 149 166 38 54 170 61 179
144 145 149 150 191 218 34 245
20 37 59 26 79 27 76 39
19 46 76 20 22 26 42 27
28 46 8 21 47 9 92 10
245 34 253 37 44 254 24 255
9 112 10 26 61 17 18 70
10 20 51 12 19 34 24 6
13 141 16 21 143 144 26 209
118 58 132 42 45 133 143 195
245 61 71 246 12 20 250 31
114 7 12 117 1 118 15 139
1 12 22 20 49 26 27 31
14 87 122 17 73 18 50 76
24 41 17 19 18 13 47 23
246 247 39 252 42 48 253 56
73 78 6 79 113 34 117 8
93 133 15 143 146 149 195 197
143 92 144 103 154 247 33 253
15 34 31 35 32 48 53 25
48 139 45 144 199 245 6 12
24 143 16 144 51 146 15 39
12 20 8 2 9 30 13 48
110 113 117 1 39 133 139 143
12 143 46 149 150 167 245 13
52 60 17 53 20 54 26 30
11 29 14 16 21 17 22 28
111 113 117 122 4 133 27 83
26 117 123 133 56 61 135 49
10 8 61 17 1 18 75 31
190 54 218 245 16 52 69 247
5 36 50 49 40 51 30 53
52 18 41 14 27 53 110 4
94 35 39 108 30 109 50 113
149 16 150 30 186 19 24 189
44 73 252 46 253 56 61 262
50 43 41 33 44 17 48 79
5 8 21 1 36 9 26 72
33 63 144 68 153 55 172 56
60 8 31 44 9 15 69 13
10 20 33 26 28 31 35 39
17 23 50 18 86 24 1 36
16 143 1 29 33 61 144 86
32 34 133 66 136 35 139 20
8 34 9 73 13 15 80 17
118 56 133 32 40 135 25 143
45 35 36 54 49 25 53 74
2 133 5 13 22 136 18 143
17 10 9 14 34 1 15 20
22 41 48 26 14 35 30 54
145 149 58 150 163 174 38 87
133 15 43 143 11 144 245 38
55 136 68 139 7 143 144 57
35 15 16 36 25 28 73 51
34 59 8 1 9 65 10 32
245 74 80 247 248 10 11 253
17 37 10 18 47 22 14 30
34 191 246 14 21 247 11 12
9 118 17 119 14 139 13 141
62 135 53 67 143 54 63 245
27 41 28 29 35 45 44 25
26 27 70 47 75 78 79 114
25 46 69 8 16 41 9 30
280 48 284 10 25 309 40 310
19 209 14 245 253 25 255 31
17 39 71 22 51 65 26 27
74 32 75 36 43 78 33 79
170 70 81 177 88 179 82 181
8 20 13 41 17 18 33 27
118 119 139 171 51 245 24 29
48 209 245 32 246 6 14 247
245 76 81 87 95 249 16 23
4 19 15 32 39 17 1 20
43 28 38 35 39 58 48 53
78 9 79 27 113 117 8 133
4 16 21 46 48 8 5 22
132 59 61 143 144 245 34 37
22 27 35 36 49 56 69 71
26 37 27 30 35 67 48 59
38 46 246 252 25 253 32 259
66 23 40 27 25 46 64 53
132 3 139 23 143 5 16 144
8 9 52 10 64 73 13 49
78 6 79 110 2 113 114 19
1 27 46 35 59 53 31 113
19 33 38 24 7 12 26 3
10 57 17 18 19 29 20 58
44 110 117 118 132 79 139 21
189 190 245 58 246 255 264 28
28 32 35 23 36 63 72 34
144 20 147 149 3 150 38 195
101 73 33 61 78 62 79 110
20 50 22 40 49 26 27 92
44 54 45 48 33 53 74 78
10 58 80 11 19 23 13 34
209 11 245 24 246 53 248 17
18 86 19 37 61 26 24 85
118 144 2 149 150 163 7 191
32 8 40 9 38 51 14 27
31 36 41 46 45 110 113 73
93 117 49 118 46 135 143 30
53 31 113 7 117 118 132 2
118 133 143 195 245 45 246 250
47 161 6 22 191 246 11 252
3 69 120 80 139 21 143 144
6 136 51 139 7 143 144 163
209 245 24 54 60 91 248 6
31 24 32 25 37 35 36 52
53 246 18 253 36 40 257 29
18 48 29 13 36 35 39 46
69 20 34 26 24 31 15 35
51 12 19 34 24 6 25 28
33 143 18 34 144 66 245 246
83 84 35 42 75 100 36 99
133 139 7 43 141 51 143 151
143 245 38 41 246 12 248 34
18 17 1 19 46 97 23 60
43 31 15 26 35 10 36 29
132 56 57 139 9 143 2 54
69 87 74 15 5 37 110 45
18 31 76 17 3 19 6 29
11 12 40 41 76 77 253 22
14 245 33 248 23 253 47 254
245 34 52 66 246 9 253 257
84 8 34 10 15 16 13 31
26 31 35 23 53 114 20 117
25 43 57 26 38 27 32 62
76 26 11 27 38 81 95 24
46 53 73 78 12 79 50 110
26 46 58 14 27 45 17 16
6 133 139 143 145 149 38 173
18 90 23 48 67 26 39 27
109 65 111 20 118 27 141 33
36 60 70 74 50 52 78 37
67 24 26 5 27 63 65 62
47 23 41 70 56 75 73 78
17 1 35 18 32 28 13 7
72 86 20 19 51 81 75 65
48 246 7 18 253 39 266 22
18 70 29 19 22 31 15 23
10 38 28 59 63 31 43 35
133 135 96 139 143 97 146 67
33 245 22 30 248 16 253 40
17 50 78 10 79 113 114 29
118 108 133 93 136 14 143 144
143 59 144 16 42 154 181 47
33 59 62 253 50 54 259 46
15 58 143 144 146 77 97 149
31 118 47 132 10 133 77 139
64 70 74 81 249 19 253 56
51 14 52 87 17 33 22 44
170 184 237 243 244 39 245 43
209 245 40 246 72 248 255 84
41 20 26 11 27 64 32 7
12 118 133 10 144 146 15 150
8 1 44 28 72 22 55 70
144 50 182 66 189 246 7 12
144 94 168 81 245 30 89 93
118 73 123 33 39 132 45 52
139 4 16 45 62 143 17 40
143 144 27 169 245 63 246 7
118 55 120 29 132 2 133 12
1 18 41 56 19 33 23 26
99 77 108 109 110 12 16 117
1 11 17 22 18 16 86 27
32 41 253 13 17 256 25 30
9 49 30 4 35 36 110 42
73 11 18 31 17 28 35 47
44 35 3 23 36 41 58 46
11 108 3 109 39 110 25 117
25 38 35 19 36 59 110 61
49 26 27 31 35 74 78 1
44 29 70 16 78 5 79 90
19 22 61 23 62 37 41 5
136 54 143 10 51 147 15 149
8 14 19 44 54 9 23 29
74 24 34 78 15 79 45 113
209 238 245 45 54 248 34 253
42 36 74 113 85 118 132 67
118 132 60 133 143 58 144 57
51 72 38 7 16 45 69 52
4 144 146 149 150 186 189 190
28 26 24 27 52 29 15 34
245 38 59 246 8 253 255 18
22 41 10 27 64 17 20 18
139 11 32 143 33 67 146 41
26 81 29 82 93 35 47 56
11 79 49 110 117 1 118 133
44 45 74 21 78 79 110 7
40 10 56 13 17 41 9 42
27 8 2 9 33 23 26 63
39 17 25 22 31 26 19 35
41 34 5 45 43 73 50 64
66 28 16 22 30 31 62 35
22 20 49 26 27 31 35 36
30 143 144 145 37 149 253 41
33 143 27 146 16 149 2 150
2 72 144 70 195 204 246 19
30 46 17 16 18 61 23 68
9 88 13 23 29 17 15 18
13 17 37 10 18 47 22 14
51 64 26 39 77 27 117 28
251 58 71 253 33 39 256 43
144 51 68 145 48 146 57 149
26 74 13 37 78 4 79 51
6 28 40 8 22 41 10 27
43 49 245 47 53 246 13 19
77 4 26 35 8 15 36 10
143 173 245 246 20 29 247 9
27 46 38 70 53 32 113 117
9 12 14 45 20 28 23 15
51 113 117 120 133 143 6 146
10 15 7 28 33 61 35 36
62 18 113 28 69 35 76 78
15 45 74 49 78 2 79 110
8 30 9 52 11 21 49 17
17 40 18 70 19 46 11 26
55 10 11 1 5 17 6 19
117 13 139 27 143 11 144 33
6 44 35 39 36 9 48 40
8 38 10 41 17 36 19 39
20 149 150 168 179 37 185 189
27 29 21 54 35 15 36 24
18 70 22 6 40 26 27 31
120 38 43 123 19 139 143 6
1 21 113 30 117 31 118 47
110 59 64 113 50 117 51 118
18 35 94 20 81 23 36 64
44 13 17 42 12 18 55 20
27 9 12 11 13 14 28 17
245 25 250 68 253 15 254 22
11 16 13 53 90 2 39 91
79 114 4 11 117 118 16 132
26 78 113 8 117 133 9 143
113 13 47 17 1 48 18 130
5 44 31 35 36 64 57 59
9 107 10 21 28 13 35 78
219 3 245 92 101 246 7 253
27 28 99 36 106 69 88 102
22 31 15 23 32 35 8 36
10 41 44 13 18 28 17 1
245 38 247 9 253 16 29 256
25 35 12 36 28 68 19 23
101 35 42 108 109 52 113 40
36 86 78 26 79 113 19 117
8 25 18 35 14 11 39 17
67 118 62 120 40 132 4 6
120 80 139 21 143 144 199 201
32 169 85 191 246 10 15 252
1 19 27 31 15 35 7 41
163 168 246 247 50 52 249 120
132 68 71 133 143 144 27 169
40 117 1 133 12 134 50 147
79 110 19 40 113 49 114 117
23 26 115 10 16 117 118 29
44 245 33 38 246 16 253 22
14 1 6 18 42 20 2 23
18 45 24 22 34 26 14 27
49 117 4 118 59 124 133 6
49 55 84 89 246 20 247 98
20 12 26 27 28 70 36 46
117 119 3 9 121 122 15 134
41 69 173 32 245 50 246 28
171 179 180 247 15 253 37 254
107 41 31 110 6 30 114 117
29 143 30 147 21 149 150 47
59 141 21 144 48 51 245 28
47 50 1 18 41 56 19 33
48 22 49 53 54 110 3 6
60 8 6 57 9 38 13 1
66 76 133 15 21 62 67 75
245 45 54 248 34 253 32 259
46 73 195 246 19 41 250 60
30 55 36 67 113 114 12 117
37 8 12 9 44 13 25 40
136 49 141 5 143 38 147 50
13 57 14 75 15 30 17 48
17 6 20 35 61 18 32 70
64 150 218 33 245 86 247 72
27 44 60 36 37 41 34 5
19 28 34 20 26 4 25 27
253 283 284 40 43 309 310 50
